1649076968.555821 0.4198518411430996 -0.2563581973736291 0.07370252314285608 0.02573941054288298 -1.1658652510959655e-05 -1.1658652510959655e-05 -1.1658652510959655e-05 -1.1658652510959655e-05 0.03272432985249907 0.00012803973368136212 -0.01640293597301934 -1.1658652510959655e-05 -1.1658652510959655e-05 -1.1658652510959655e-05 -1.1658652510959655e-05 -1.1658652510959655e-05 
1649076969.0380292 0.40888551782700233 -0.2808752641576575 0.07405176910833688 0.025483296834863722 -1.1658652510959655e-05 -1.1658652510959655e-05 -1.1658652510959655e-05 -1.1658652510959655e-05 0.12450616960268235 0.00015132279804674909 -0.028836092344135977 -1.1658652510959655e-05 -1.1658652510959655e-05 -1.1658652510959655e-05 -1.1658652510959655e-05 -1.1658652510959655e-05 
1649076969.059816 0.39954900901648216 -0.20876761380350217 0.07407505217270227 0.026065373443998396 -1.1658652510959655e-05 -1.1658652510959655e-05 -1.1658652510959655e-05 -1.1658652510959655e-05 0.13016395424347138 0.00017460586241213605 -0.029371602824539877 -1.1658652510959655e-05 -1.1658652510959655e-05 -1.1658652510959655e-05 -1.1658652510959655e-05 -1.1658652510959655e-05 
1649076969.0665588 0.4465575159774744 -0.2817600206035422 0.07407505217270227 0.025762693607248366 -1.1658652510959655e-05 -1.1658652510959655e-05 -1.1658652510959655e-05 -1.1658652510959655e-05 0.13305105422477936 0.00017460586241213605 -0.029627716532559134 -1.1658652510959655e-05 -1.1658652510959655e-05 -1.1658652510959655e-05 -1.1658652510959655e-05 -1.1658652510959655e-05 
1649076969.073608 0.38103897283872357 -0.2042739823809825 0.07409833523706766 0.02580925973597914 -1.1658652510959655e-05 -1.1658652510959655e-05 -1.1658652510959655e-05 -1.1658652510959655e-05 0.1388951033804915 0.00017460586241213605 -0.030139943948597647 -1.1658652510959655e-05 -1.1658652510959655e-05 -1.1658652510959655e-05 -1.1658652510959655e-05 -1.1658652510959655e-05 
1649076969.0806026 0.39403092276188545 -0.25819755945849465 0.07412161830143305 0.025832542800344527 0.289420114539098 -1.1658652510959655e-05 -1.1658652510959655e-05 -0.11577505470631877 0.14492541705840267 0.00015132279804674909 -0.03065217136463616 -1.1658652510959655e-05 -1.1658652510959655e-05 -1.1658652510959655e-05 -1.1658652510959655e-05 -1.1658652510959655e-05 
1649076969.088273 0.21980375207203906 -0.17887215915106935 0.07414490136579843 0.02597224118653685 0.057870039374392945 -1.1658652510959655e-05 -1.1658652510959655e-05 -0.057893356679414865 0.14799878155463375 0.00015132279804674909 -0.030931568137020804 -1.1658652510959655e-05 -1.1658652510959655e-05 -1.1658652510959655e-05 -1.1658652510959655e-05 -1.1658652510959655e-05 
1649076969.1057131 0.585836807047599 -0.1928885638990323 0.07468041184620233 0.03370221855584532 0.17365671849256614 -1.1658652510959655e-05 -0.057893356679414865 -0.11577505470631877 0.15426192586892284 0.00012803973368136212 -0.03156021087488625 -1.1658652510959655e-05 -1.1658652510959655e-05 -1.1658652510959655e-05 -1.1658652510959655e-05 -1.1658652510959655e-05 
1649076969.1216152 0.516034180058341 -0.18748689296626253 0.07493652555422159 0.038638228201307356 0.17365671849256614 -1.1658652510959655e-05 -1.1658652510959655e-05 -0.057893356679414865 0.16064148550503887 0.00012803973368136212 -0.032305268934578635 -1.1658652510959655e-05 -1.1658652510959655e-05 -1.1658652510959655e-05 -1.1658652510959655e-05 -1.1658652510959655e-05 
1649076969.1377947 0.5214125679340214 -0.315986125227937 0.07498309168295236 0.039639399969018996 0.17365671849256614 0.057870039374392945 -1.1658652510959655e-05 -0.057893356679414865 0.16392439758055843 0.00012803973368136212 -0.03270108102879021 -1.1658652510959655e-05 -1.1658652510959655e-05 -1.1658652510959655e-05 -1.1658652510959655e-05 -1.1658652510959655e-05 
1649076969.1543884 0.49808293743262766 -0.22040914598619565 0.07502965781168314 0.033562520169653 0.057870039374392945 0.057870039374392945 -1.1658652510959655e-05 -1.1658652510959655e-05 0.17062992011778988 0.00012803973368136212 -0.03342285602411721 -1.1658652510959655e-05 -1.1658652510959655e-05 -1.1658652510959655e-05 -1.1658652510959655e-05 -1.1658652510959655e-05 
1649076969.1669967 0.2913293258170597 -0.246486178082705 0.0750995070047793 0.030163192772306502 0.057870039374392945 -1.1658652510959655e-05 -1.1658652510959655e-05 -1.1658652510959655e-05 0.177498424112855 0.00010475666931597516 -0.03405149876198266 0.00010475666931597516 -1.1658652510959655e-05 -1.1658652510959655e-05 -1.1658652510959655e-05 -1.1658652510959655e-05 
1649076969.1876042 0.5076755599511671 -0.18783613893174333 0.07516935619787546 0.03025632502976805 -1.1658652510959655e-05 -1.1658652510959655e-05 -1.1658652510959655e-05 -1.1658652510959655e-05 0.18101416683202842 0.00010475666931597516 -0.03435417859873269 -1.1658652510959655e-05 -1.1658652510959655e-05 -1.1658652510959655e-05 -1.1658652510959655e-05 -1.1658652510959655e-05 
1649076969.2058468 0.4363828168498003 -0.23584581766772317 0.07547203603462549 0.03307357581797987 0.057870039374392945 -1.1658652510959655e-05 -1.1658652510959655e-05 -1.1658652510959655e-05 0.18816206759220222 0.00010475666931597516 -0.03500610440096352 -1.1658652510959655e-05 -1.1658652510959655e-05 -1.1658652510959655e-05 -1.1658652510959655e-05 -1.1658652510959655e-05 
1649076969.2157826 0.23943137533933623 -0.21510060731088743 0.07575143280701013 0.036356487893499434 0.17365671849256614 0.057870039374392945 -1.1658652510959655e-05 -0.057893356679414865 0.19542638367420295 0.00010475666931597516 -0.03570459633192513 -1.1658652510959655e-05 -1.1658652510959655e-05 -1.1658652510959655e-05 -1.1658652510959655e-05 -1.1658652510959655e-05 
1649076969.2392085 0.5892128513805801 -0.24457696680474328 0.07584456506447168 0.03684543224517256 0.17365671849256614 0.057870039374392945 -1.1658652510959655e-05 -0.11577505470631877 0.1991051078439341 0.00010475666931597516 -0.03607712536177132 -1.1658652510959655e-05 -1.1658652510959655e-05 -1.1658652510959655e-05 -1.1658652510959655e-05 -1.1658652510959655e-05 
1649076969.2535915 0.5641835571805132 -0.23221365961944684 0.07607739570812555 0.03698513063136488 0.11575173740129685 0.057870039374392945 -1.1658652510959655e-05 -0.057893356679414865 0.2066721037699608 0.00010475666931597516 -0.036822183421463706 -1.1658652510959655e-05 -1.1658652510959655e-05 -1.1658652510959655e-05 -1.1658652510959655e-05 -1.1658652510959655e-05 
1649076969.2719238 0.34113180050917435 -0.22115420404588804 0.0763335094161448 0.037031696760095656 0.057870039374392945 0.057870039374392945 -1.1658652510959655e-05 -1.1658652510959655e-05 0.2143787980749039 0.00010475666931597516 -0.03756724148115609 -1.1658652510959655e-05 -1.1658652510959655e-05 -1.1658652510959655e-05 -1.1658652510959655e-05 -1.1658652510959655e-05 
1649076969.2812023 0.5308189259376377 -0.246486178082705 0.07654305699543329 0.03807943465653807 0.17365671849256614 0.057870039374392945 -1.1658652510959655e-05 -0.11577505470631877 0.2182903528882889 0.00010475666931597516 -0.03793977051100228 -1.1658652510959655e-05 -1.1658652510959655e-05 -1.1658652510959655e-05 -1.1658652510959655e-05 -1.1658652510959655e-05 
1649076969.3035672 0.4907022060288 -0.24515904341387795 0.07679917070345255 0.03854509594384581 0.17365671849256614 0.057870039374392945 -1.1658652510959655e-05 -0.057893356679414865 0.22629972702998202 0.00010475666931597516 -0.03873139469942544 -1.1658652510959655e-05 -1.1658652510959655e-05 -1.1658652510959655e-05 -1.1658652510959655e-05 -1.1658652510959655e-05 
1649076969.3139918 0.3480003044969635 -0.23433241847669706 0.0768923029609141 0.03835883142892271 0.11575173740129685 0.057870039374392945 -1.1658652510959655e-05 -0.057893356679414865 0.23039754635829013 0.00010475666931597516 -0.03910392372927163 -1.1658652510959655e-05 -1.1658652510959655e-05 -1.1658652510959655e-05 -1.1658652510959655e-05 -1.1658652510959655e-05 
1649076969.3352785 0.4853238181603956 -0.22287715080892667 0.0770552844114718 0.03617022337857634 0.11575173740129685 0.057870039374392945 -1.1658652510959655e-05 -0.057893356679414865 0.23863975115091307 8.14736049505882e-05 -0.03984898178896401 -1.1658652510959655e-05 -1.1658652510959655e-05 -1.1658652510959655e-05 -1.1658652510959655e-05 -1.1658652510959655e-05 
1649076969.3465912 0.48248328430054244 -0.2436689272944932 0.07712513360456796 0.03325984033290297 0.057870039374392945 0.057870039374392945 -1.1658652510959655e-05 -0.057893356679414865 0.24711478657991393 0.00010475666931597516 -0.04052419065556023 -1.1658652510959655e-05 -1.1658652510959655e-05 -1.1658652510959655e-05 -1.1658652510959655e-05 -1.1658652510959655e-05 
1649076969.3705654 0.35919945845671464 -0.21628804359352216 0.07714841666893335 0.03158345969859511 0.057870039374392945 0.11575173740129685 -0.057893356679414865 -0.11577505470631877 0.2514221534875105 0.00012803973368136212 -0.04085015355667565 -1.1658652510959655e-05 -1.1658652510959655e-05 -1.1658652510959655e-05 -1.1658652510959655e-05 -1.1658652510959655e-05 
1649076969.3793426 0.46427592796680983 -0.27349453275382984 0.07707856747583719 0.027299375855363905 0.11575173740129685 0.057870039374392945 -1.1658652510959655e-05 -0.17368003579758806 0.2601998687532614 0.00012803973368136212 -0.041432230165810324 -1.1658652510959655e-05 -1.1658652510959655e-05 -1.1658652510959655e-05 -1.1658652510959655e-05 -1.1658652510959655e-05 
1649076969.4020607 0.35652190605469514 -0.20043227675341768 0.07677588763908716 0.020617136382497847 0.057870039374392945 -1.1658652510959655e-05 -1.1658652510959655e-05 -0.17368003579758806 0.26911728241248056 0.00017460586241213605 -0.04187460838875268 -1.1658652510959655e-05 -1.1658652510959655e-05 -1.1658652510959655e-05 -1.1658652510959655e-05 -1.1658652510959655e-05 
1649076969.4177294 0.4242057741867029 -0.26175986830639886 0.07654305699543329 0.01654260011855513 0.11575173740129685 0.057870039374392945 -1.1658652510959655e-05 -0.17368003579758806 0.27363419689936563 0.000197888926777523 -0.042037589839310385 -1.1658652510959655e-05 -1.1658652510959655e-05 -1.1658652510959655e-05 -1.1658652510959655e-05 -1.1658652510959655e-05 
1649076969.4355931 0.44951446515187854 -0.22993191931163892 0.07584456506447168 0.005320163087162655 0.057870039374392945 -1.1658652510959655e-05 -1.1658652510959655e-05 -0.3473251298710238 0.28287757345242426 0.00024445505550829694 -0.04222385435423348 -1.1658652510959655e-05 -1.1658652510959655e-05 -1.1658652510959655e-05 -1.1658652510959655e-05 -1.1658652510959655e-05 
1649076969.444729 0.3093737007075106 -0.180595105914108 0.07484339329676004 -0.007345823927607853 -1.1658652510959655e-05 -1.1658652510959655e-05 -0.11577505470631877 -0.231561733817216 0.2922606483916752 0.00029102118423907086 -0.04213072209677193 -1.1658652510959655e-05 -1.1658652510959655e-05 -1.1658652510959655e-05 -1.1658652510959655e-05 -1.1658652510959655e-05 
1649076969.4610693 0.4701898263156181 -0.22236492339288816 0.0743777320094523 -0.012281833573069889 -1.1658652510959655e-05 -1.1658652510959655e-05 -0.2894434318441199 -0.4052068278979277 0.29701039352221414 0.00029102118423907086 -0.042014306774945 -1.1658652510959655e-05 -1.1658652510959655e-05 -1.1658652510959655e-05 -1.1658652510959655e-05 -1.1658652510959655e-05 
1649076969.4837363 0.5012494341863203 -0.23607864831137704 0.07346969249920221 -0.017869769028038718 -1.1658652510959655e-05 -1.1658652510959655e-05 -0.11577505470631877 -0.2894434318441199 0.3066728652411257 0.0003375873129698448 -0.041665060809464194 -1.1658652510959655e-05 -1.1658652510959655e-05 -1.1658652510959655e-05 -1.1658652510959655e-05 -1.1658652510959655e-05 
1649076969.5102 0.5859066562406952 -0.3329361960932147 0.07321357879118295 -0.0033644199211266823 0.057870039374392945 0.057870039374392945 -1.1658652510959655e-05 -0.11577505470631877 0.3214808941775118 0.00036087037733523175 -0.04136238097271416 -1.1658652510959655e-05 -1.1658652510959655e-05 -1.1658652510959655e-05 -1.1658652510959655e-05 -1.1658652510959655e-05 
1649076969.5263956 0.522111059864983 -0.21752204600488767 0.07374908927158685 0.019010604941286147 0.057870039374392945 -1.1658652510959655e-05 -1.1658652510959655e-05 -1.1658652510959655e-05 0.331725442505558 0.00036087037733523175 -0.04164177774509881 -1.1658652510959655e-05 -1.1658652510959655e-05 -1.1658652510959655e-05 -1.1658652510959655e-05 -1.1658652510959655e-05 
1649076969.5427864 0.1680920661019627 -0.15409897865902167 0.07428459975199075 0.037893170141614974 0.11575173740129685 0.17365671849256614 0.057870039374392945 -1.1658652510959655e-05 0.3421096892125206 0.0003841534417006187 -0.04231698661169503 -1.1658652510959655e-05 -1.1658652510959655e-05 -1.1658652510959655e-05 -1.1658652510959655e-05 -1.1658652510959655e-05 
1649076969.559109 0.4865578205717611 -0.20804583880817518 0.07458727958874078 0.043550954782404006 0.11575173740129685 0.4630884916841751 0.057870039374392945 -1.1658652510959655e-05 0.34737166175909806 0.0004074365060660057 -0.04275936483463738 -1.1658652510959655e-05 -1.1658652510959655e-05 -1.1658652510959655e-05 -1.1658652510959655e-05 -1.1658652510959655e-05 
1649076969.5754936 0.4865578205717611 -0.20804583880817518 0.07458727958874078 0.043550954782404006 0.11575173740129685 0.4630884916841751 0.057870039374392945 -1.1658652510959655e-05 0.34737166175909806 0.0004074365060660057 -0.04275936483463738 -1.1658652510959655e-05 -1.1658652510959655e-05 -1.1658652510959655e-05 -1.1658652510959655e-05 -1.1658652510959655e-05 
1649076969.5951948 0.4865578205717611 -0.20804583880817518 0.07458727958874078 0.043550954782404006 0.11575173740129685 0.4630884916841751 0.057870039374392945 -1.1658652510959655e-05 0.34737166175909806 0.0004074365060660057 -0.04275936483463738 -1.1658652510959655e-05 -1.1658652510959655e-05 -1.1658652510959655e-05 -1.1658652510959655e-05 -1.1658652510959655e-05 
1649076969.6118474 0.4865578205717611 -0.20804583880817518 0.07458727958874078 0.043550954782404006 0.11575173740129685 0.4630884916841751 0.057870039374392945 -1.1658652510959655e-05 0.34737166175909806 0.0004074365060660057 -0.04275936483463738 -1.1658652510959655e-05 -1.1658652510959655e-05 -1.1658652510959655e-05 -1.1658652510959655e-05 -1.1658652510959655e-05 
1649076969.6246457 0.4865578205717611 -0.20804583880817518 0.07458727958874078 0.043550954782404006 0.11575173740129685 0.4630884916841751 0.057870039374392945 -1.1658652510959655e-05 0.34737166175909806 0.0004074365060660057 -0.04275936483463738 -1.1658652510959655e-05 -1.1658652510959655e-05 -1.1658652510959655e-05 -1.1658652510959655e-05 -1.1658652510959655e-05 
1649076969.6409178 0.4865578205717611 -0.20804583880817518 0.07458727958874078 0.043550954782404006 0.11575173740129685 0.4630884916841751 0.057870039374392945 -1.1658652510959655e-05 0.34737166175909806 0.0004074365060660057 -0.04275936483463738 -1.1658652510959655e-05 -1.1658652510959655e-05 -1.1658652510959655e-05 -1.1658652510959655e-05 -1.1658652510959655e-05 
1649076969.657449 0.4865578205717611 -0.20804583880817518 0.07458727958874078 0.043550954782404006 0.11575173740129685 0.4630884916841751 0.057870039374392945 -1.1658652510959655e-05 0.34737166175909806 0.0004074365060660057 -0.04275936483463738 -1.1658652510959655e-05 -1.1658652510959655e-05 -1.1658652510959655e-05 -1.1658652510959655e-05 -1.1658652510959655e-05 
1649076969.6770234 0.4865578205717611 -0.20804583880817518 0.07458727958874078 0.043550954782404006 0.11575173740129685 0.4630884916841751 0.057870039374392945 -1.1658652510959655e-05 0.34737166175909806 0.0004074365060660057 -0.04275936483463738 -1.1658652510959655e-05 -1.1658652510959655e-05 -1.1658652510959655e-05 -1.1658652510959655e-05 -1.1658652510959655e-05 
1649076969.6935568 0.4865578205717611 -0.20804583880817518 0.07458727958874078 0.043550954782404006 0.11575173740129685 0.4630884916841751 0.057870039374392945 -1.1658652510959655e-05 0.34737166175909806 0.0004074365060660057 -0.04275936483463738 -1.1658652510959655e-05 -1.1658652510959655e-05 -1.1658652510959655e-05 -1.1658652510959655e-05 -1.1658652510959655e-05 
1649076969.7163398 0.14734685575240292 -0.11365629584906856 0.07936030779092107 0.005925522760662716 0.289420114539098 0.3473018125660019 -0.17368003579758806 -0.7525202991164406 0.4270928741680109 0.0007333994071814232 -0.0530039131626836 -1.1658652510959655e-05 -1.1658652510959655e-05 -1.1658652510959655e-05 -1.1658652510959655e-05 -1.1658652510959655e-05 
1649076969.7882223 -0.4760339097119868 -0.37845458693482215 0.07996566746442113 0.02511076780501753 1.7944606785313226 1.099833736094297 -0.9261886762615177 -2.0839157690352295 0.4729139448463684 0.0012689098875853233 -0.054819992183183786 -1.1658652510959655e-05 -1.1658652510959655e-05 -1.1658652510959655e-05 -1.1658652510959655e-05 -1.1658652510959655e-05 
1649076969.8125818 0.558339508024801 -0.47123759845271707 0.079476723112748 0.010279455796990078 2.1417741497498355 1.3313605282019125 -0.9840703742811456 -2.3733475422268384 0.4845089109003311 0.001408608273777645 -0.05502953976247227 -1.1658652510959655e-05 -1.1658652510959655e-05 -1.1658652510959655e-05 -1.1658652510959655e-05 -1.1658652510959655e-05 
1649076969.8981922 -0.5325186238769675 -0.43899055429938016 0.0864383593579987 0.11586815272312379 3.473146336604259 2.6627559981134254 -1.6786973167254473 -3.299524559828569 0.5290726961102337 0.0016647219817969017 -0.06054762601706898 -1.1658652510959655e-05 -1.1658652510959655e-05 -1.1658652510959655e-05 -1.1658652510959655e-05 -1.1658652510959655e-05 
1649076969.9138227 0.3356602803833084 -0.7364317016399582 0.08960485611169133 0.14008253966312623 3.994128184967849 2.604851017022156 -1.7366022978094406 -3.704719729073986 0.540644379099831 0.0017578542392584495 -0.06322517841908848 -1.1658652510959655e-05 -1.1658652510959655e-05 -1.1658652510959655e-05 -1.1658652510959655e-05 -1.1658652510959655e-05 
1649076969.9216895 -0.00022120623179944232 -0.06436604857299244 0.09086214158742223 0.15118856137269177 4.572991731351067 3.067951167358842 -2.3733475422268384 -3.8204831251277938 0.5463254468049854 0.0017811373036238365 -0.06473857760283863 -1.1658652510959655e-05 -1.1658652510959655e-05 -1.1658652510959655e-05 -1.1658652510959655e-05 -1.1658652510959655e-05 
1649076969.9353087 0.2904678524355404 -0.18047869059228105 0.09330686334578786 0.15626426940434612 4.515110033324163 2.894282790213765 -2.3154658441999345 -3.76260142710089 0.5577574314156664 0.0018277034323546104 -0.06788179129216587 -1.1658652510959655e-05 -1.1658652510959655e-05 -1.1658652510959655e-05 -1.1658652510959655e-05 -1.1658652510959655e-05 
1649076969.9517238 0.7927301170420833 -0.49547526846436085 0.09521607462374959 0.1638079822587315 4.862423504542676 3.2416195445039193 -2.4891109382806462 -4.515133350629185 0.5692592652121675 0.0018277034323546104 -0.07107157111022389 -1.1658652510959655e-05 -1.1658652510959655e-05 -1.1658652510959655e-05 -1.1658652510959655e-05 -1.1658652510959655e-05 
1649076969.9679704 -0.5946145565540064 -0.6229966120226891 0.09728826735226903 0.17153795962803997 5.3833820698419 3.067951167358842 -2.546992636300274 -4.630896746682993 0.5749868990460527 0.0018044203679892235 -0.07277123480889713 -1.1658652510959655e-05 -1.1658652510959655e-05 -1.1658652510959655e-05 -1.1658652510959655e-05 -1.1658652510959655e-05 
1649076969.9897368 -0.28013020609796513 -0.49116790155676426 0.09798675928323064 0.15018738960498013 5.3255003718149965 3.704696411768964 -3.0100927866369602 -5.4991920662650955 0.5862093360774452 0.0019208356898161583 -0.07596101462695515 -1.1658652510959655e-05 -1.1658652510959655e-05 -1.1658652510959655e-05 -1.1658652510959655e-05 -1.1658652510959655e-05 
1649076970.0065246 -0.14080434889910975 0.7666996510743047 0.09665962461440358 0.08406348679272924 5.90436391820549 3.2995012425235473 -3.8204831251277938 -5.672837160338531 0.5975016222946579 0.0018509864967199974 -0.0780099242911092 -1.1658652510959655e-05 -1.1658652510959655e-05 -1.1658652510959655e-05 -1.1658652510959655e-05 -1.1658652510959655e-05 
1649076970.0170105 -1.0585761802722118 -0.5374313504580641 0.0971718520304421 0.06234038773254724 6.0780322953432915 3.473146336604259 -3.878388106219063 -5.846505537483608 0.6031128408067161 0.0017578542392584495 -0.0786385670362506 -1.1658652510959655e-05 -1.1658652510959655e-05 -1.1658652510959655e-05 -1.1658652510959655e-05 -1.1658652510959655e-05 
1649076970.0396094 0.4306784660802805 0.6610643880267162 0.09766079638211522 0.036053808056749403 6.772659237780317 4.052009882987477 -4.167819879410672 -6.367487385839922 0.6141722963875509 0.0016414389174315147 -0.07945347428903915 -1.1658652510959655e-05 -1.1658652510959655e-05 -1.1658652510959655e-05 -1.1658652510959655e-05 -1.1658652510959655e-05 
1649076970.0496886 -0.1753796994962613 0.7428112270354177 0.09773064557521138 0.0448082402581349 7.293641086143907 4.052009882987477 -3.994151502272871 -7.293664403448929 0.6251619027680135 0.0015948727887007408 -0.08031494767055847 -1.1658652510959655e-05 -1.1658652510959655e-05 -1.1658652510959655e-05 -1.1658652510959655e-05 -1.1658652510959655e-05 
1649076970.0739286 -1.4243996876684832 -0.09770739675150253 0.09807989154069219 0.03922030481044203 7.409404482197715 4.341441656186362 -3.704719729073986 -7.119996026311128 0.6306567059582449 0.0016414389174315147 -0.08071075976477005 -1.1658652510959655e-05 -1.1658652510959655e-05 -1.1658652510959655e-05 -1.1658652510959655e-05 -1.1658652510959655e-05 
1649076970.090469 1.5260069463402033 0.01905717107001692 0.09996581975428853 0.06376065465883585 6.656895841733785 4.862423504542676 -3.704719729073986 -6.714800857065711 0.6420886905689258 0.0018509864967199974 -0.08180506378994323 -1.1658652510959655e-05 -1.1658652510959655e-05 -1.1658652510959655e-05 -1.1658652510959655e-05 -1.1658652510959655e-05 
1649076970.1065848 -1.4831428590696305 -0.12087404580233851 0.1018051818391541 0.08878994885890279 7.235736105052638 5.151855277741561 -3.76260142710089 -7.23575942235766 0.6532412783999462 0.002153666333470028 -0.0834814444242511 -1.1658652510959655e-05 -1.1658652510959655e-05 -1.1658652510959655e-05 -1.1658652510959655e-05 -1.1658652510959655e-05 
1649076970.1207366 0.03870807739440352 -0.6834394471297855 0.10185174796788488 0.08669447306601796 7.119972709006106 4.862423504542676 -3.76260142710089 -7.119996026311128 0.6589689122338314 0.0022933647196623497 -0.08434291780577041 -1.1658652510959655e-05 -1.1658652510959655e-05 -1.1658652510959655e-05 -1.1658652510959655e-05 -1.1658652510959655e-05 
1649076970.1478736 -2.703082299842208 -1.1554802941827802 0.10010551814048085 0.028044433915056288 7.351522784170811 4.978186900596484 -4.630896746682993 -7.75674127072125 0.6757094355198205 0.0024097800414892845 -0.08592616618261673 -1.1658652510959655e-05 -1.1658652510959655e-05 -1.1658652510959655e-05 -1.1658652510959655e-05 -1.1658652510959655e-05 
1649076970.164383 0.8781789632848813 0.2747750670532696 0.09835928831307683 -0.018358713379711844 8.10403142463474 5.44128705093317 -4.573015048656089 -9.319663532740378 0.6868853064152063 0.002782309071335476 -0.0857864677964244 -1.1658652510959655e-05 -1.1658652510959655e-05 -1.1658652510959655e-05 -1.1658652510959655e-05 -1.1658652510959655e-05 
1649076970.2134907 0.37053831080993405 0.9073992090707179 0.09593784961907659 -0.025716161719174124 9.088090140263375 5.7886005221516825 -4.7466601427368005 -9.261781834713474 0.7149413989827735 0.0037601977746817283 -0.08399367184028961 -1.1658652510959655e-05 -1.1658652510959655e-05 -1.1658652510959655e-05 -1.1658652510959655e-05 -1.1658652510959655e-05 
1649076970.2369337 -1.7700600613170536 -0.7802038626541616 0.09649664316384587 0.006414467112335842 8.161913122661645 5.90436391820549 -5.036091915928409 -9.319663532740378 0.7264432327792747 0.004179292933258694 -0.08397038877592422 -1.1658652510959655e-05 -1.1658652510959655e-05 -1.1658652510959655e-05 -1.1658652510959655e-05 -1.1658652510959655e-05 
1649076970.2461808 2.128037141774257 -3.502296767437656 0.09721841815917287 0.018847623490728438 8.856563348163036 5.962245616232394 -4.9782102179015055 -9.666977003958891 0.7321708666131599 0.004365557448181789 -0.0841799363552127 -1.1658652510959655e-05 -1.1658652510959655e-05 -1.1658652510959655e-05 -1.1658652510959655e-05 -1.1658652510959655e-05 
1649076970.2700348 -1.2185773986275308 2.323405334907875 0.09405192140548024 0.00029102118423907086 9.84062206379167 6.0780322953432915 -5.4991920662650955 -10.419508927487186 0.7433001713870908 0.004784652606758755 -0.08427306861267425 -1.1658652510959655e-05 -1.1658652510959655e-05 -1.1658652510959655e-05 -1.1658652510959655e-05 -1.1658652510959655e-05 
1649076970.286141 1.3767159375929623 -0.34313417828525417 0.09405192140548024 -0.02590242623409722 9.319640215435356 6.3674640685349 -5.2676419910931145 -9.9564087771505 0.7548252882479574 0.005087332443508785 -0.084016954904655 -1.1658652510959655e-05 -1.1658652510959655e-05 -1.1658652510959655e-05 -1.1658652510959655e-05 -1.1658652510959655e-05 
1649076970.3161767 -0.9081908674997976 1.3563432562659727 0.0902102157851914 -0.05677576958987629 8.91444504618994 6.598990860642516 -4.9782102179015055 -10.47739062551409 0.7719150574994273 0.005809107438835781 -0.08259668797836639 -1.1658652510959655e-05 -1.1658652510959655e-05 -1.1658652510959655e-05 -1.1658652510959655e-05 -1.1658652510959655e-05 
1649076970.3329124 -0.7194350646459498 0.21156154728669208 0.08727654967515264 -0.08753269762382843 9.782740365772042 6.598990860642516 -5.614955462311627 -11.866644510388141 0.783323759038467 0.006344617919239681 -0.08094359040842392 -1.1658652510959655e-05 -1.1658652510959655e-05 -1.1658652510959655e-05 -1.1658652510959655e-05 -1.1658652510959655e-05 
1649076970.3492455 0.5392706783022732 -0.6812741221438046 0.0866246238729218 -0.07980272025451995 10.130053836990555 6.888422633834125 -6.078055612648313 -11.22989926597802 0.7890048267436214 0.006577448562893551 -0.08015196622000076 -1.1658652510959655e-05 -1.1658652510959655e-05 -1.1658652510959655e-05 -1.1658652510959655e-05 -1.1658652510959655e-05 
1649076970.360586 -0.6528920666751219 -2.767227142183401 0.0860891133925179 -0.052514968811010476 10.824680779427581 6.830540935807221 -6.309582404755929 -12.15607628357975 0.8003203960324754 0.006880128399643581 -0.0788248315511737 -1.1658652510959655e-05 -1.1658652510959655e-05 -1.1658652510959655e-05 -1.1658652510959655e-05 -1.1658652510959655e-05 
1649076970.381972 0.558339508024801 1.8615857531112852 0.084831827916787 -0.03903407453617547 10.65103568534687 7.525167878244247 -5.846505537483608 -11.808762812361238 0.8118687959577073 0.007532054201874416 -0.07807977348420536 -1.1658652510959655e-05 -1.1658652510959655e-05 -1.1658652510959655e-05 -1.1658652510959655e-05 -1.1658652510959655e-05 
1649076970.4161263 -3.517174645567138 -2.682802750779956 0.08317873034684453 -0.03924362211546395 10.419485610182164 7.409404482197715 -6.309582404755929 -13.024371603161853 0.8287257345582475 0.008533225969586056 -0.07703203558776295 -1.1658652510959655e-05 -1.1658652510959655e-05 -1.1658652510959655e-05 -1.1658652510959655e-05 -1.1658652510959655e-05 
1649076970.433235 1.2935488316579722 1.3607204723666655 0.0793137416621903 -0.06571646630618488 11.287780929764267 8.046149726607837 -6.888445951139147 -12.329744660724828 0.8402741344907554 0.009092019514355343 -0.07575146704766667 -1.1658652510959655e-05 -1.1658652510959655e-05 -1.1658652510959655e-05 -1.1658652510959655e-05 -1.1658652510959655e-05 
1649076970.4653664 2.153951192420209 -0.13193350137589732 0.07691558602527948 -0.0982894733606372 11.519307721864607 7.177854407025734 -7.119996026311128 -12.271862962697924 0.8574104698636802 0.009464548544201534 -0.07302734851691639 -1.1658652510959655e-05 -1.1658652510959655e-05 -1.1658652510959655e-05 -1.1658652510959655e-05 -1.1658652510959655e-05 
1649076970.4985173 -3.2997806735365884 -0.2449029297058587 0.07200285944418283 -0.0913278371153865 11.403544325810799 7.525167878244247 -7.177877724330756 -13.48747175349854 0.8745002391151502 0.010023342088970821 -0.07034979611489689 -1.1658652510959655e-05 -1.1658652510959655e-05 -1.1658652510959655e-05 -1.1658652510959655e-05 -1.1658652510959655e-05 
1649076970.5309608 -1.2637931096323882 0.019033888005651534 0.06660118851141306 -0.12126985789655009 12.619153116611415 7.756717953416228 -7.583096176640538 -14.008430318797764 0.8974806236510631 0.010791683213028591 -0.06562333404872334 -1.1658652510959655e-05 -1.1658652510959655e-05 -1.1658652510959655e-05 -1.1658652510959655e-05 -1.1658652510959655e-05 
1649076970.596123 3.6894925707383663 -1.889711729112605 0.06485495868400903 -0.10380755961523391 11.750857797029312 8.161913122661645 -7.467309497529641 -12.850726509088418 0.9092152880912181 0.011140929178509396 -0.06350457519147312 -1.1658652510959655e-05 -1.1658652510959655e-05 -1.1658652510959655e-05 -1.1658652510959655e-05 -1.1658652510959655e-05 
1649076970.6224034 3.6894925707383663 -1.889711729112605 0.06485495868400903 -0.10380755961523391 11.750857797029312 8.161913122661645 -7.467309497529641 -12.850726509088418 0.9092152880912181 0.011140929178509396 -0.06350457519147312 -1.1658652510959655e-05 -1.1658652510959655e-05 -1.1658652510959655e-05 -1.1658652510959655e-05 -1.1658652510959655e-05 
1649076970.654935 3.6894925707383663 -1.889711729112605 0.06485495868400903 -0.10380755961523391 11.750857797029312 8.161913122661645 -7.467309497529641 -12.850726509088418 0.9092152880912181 0.011140929178509396 -0.06350457519147312 -1.1658652510959655e-05 -1.1658652510959655e-05 -1.1658652510959655e-05 -1.1658652510959655e-05 -1.1658652510959655e-05 
1649076970.7111259 0.8164089935089578 -5.107128545321757 0.058871211142104585 -0.049697718022798654 13.776880209385126 8.335581499799446 -9.088113457568397 -15.050394015517668 0.9973416867360356 0.012724177555355709 -0.06124611794803059 -1.1658652510959655e-05 -1.1658652510959655e-05 -1.1658652510959655e-05 -1.1658652510959655e-05 -1.1658652510959655e-05 
1649076970.7269611 0.9398092346746125 2.8946786023079767 0.05712498131470056 -0.08255012184963562 14.066311982576735 8.740776669044863 -8.451368213158275 -15.050394015517668 1.0031857358917478 0.012840592877182644 -0.060431210695242044 -1.1658652510959655e-05 -1.1658652510959655e-05 -1.1658652510959655e-05 -1.1658652510959655e-05 -1.1658652510959655e-05 
1649076970.7414901 -0.7329625250422396 -1.9299914304792765 0.054121466011565644 -0.09202632904634811 14.35574375577562 8.277699801772542 -9.319663532740378 -16.092334429173206 1.0146642866238835 0.013050140456471127 -0.05840558409545338 0.013050140456471127 -1.1658652510959655e-05 -1.1658652510959655e-05 -1.1658652510959655e-05 -1.1658652510959655e-05 
1649076970.7695162 -0.25358751271414803 -0.4896777854373795 0.04823085072712274 -0.11891826839564601 14.818820623047941 9.030208442243747 -9.261781834713474 -16.613316277536796 1.0319868865190074 0.013422669486317318 -0.05502953976247227 -1.1658652510959655e-05 -1.1658652510959655e-05 -1.1658652510959655e-05 -1.1658652510959655e-05 -1.1658652510959655e-05 
1649076970.8093808 2.7390080339318956 -0.289327016522293 0.04732281121687265 -0.07649652510735905 15.918666017794749 9.261758517408452 -9.72488198505016 -16.555434579509893 1.055013837183651 0.013352820293221157 -0.05069888979051029 -1.1658652510959655e-05 -1.1658652510959655e-05 -1.1658652510959655e-05 -1.1658652510959655e-05 -1.1658652510959655e-05 
1649076970.8423295 2.485804708892829 -1.5749014157554484 0.0444589942926541 -0.03547176568827126 16.03442941384128 9.088090140263375 -9.435450211851276 -17.018511446782213 1.071614662076172 0.01332953722885577 -0.049162207542394754 -1.1658652510959655e-05 -1.1658652510959655e-05 -1.1658652510959655e-05 -1.1658652510959655e-05 -1.1658652510959655e-05 
1649076970.8512404 -1.330941467283992 1.209543535413104 0.04220053704921156 -0.052142439781164285 15.918666017794749 9.493308592573158 -9.898527079123596 -16.266002806318284 1.083116495879949 0.013399386421951931 -0.048067903517221566 -1.1658652510959655e-05 -1.1658652510959655e-05 -1.1658652510959655e-05 -1.1658652510959655e-05 -1.1658652510959655e-05 
1649076970.8675597 0.07586784812883707 -1.390685810452851 0.042549783014692366 -0.029231904438347556 16.729056356285582 9.030208442243747 -10.072195456268673 -16.43964790039172 1.088704431327642 0.013282971100124996 -0.047765223680471536 -1.1658652510959655e-05 -1.1658652510959655e-05 -1.1658652510959655e-05 -1.1658652510959655e-05 -1.1658652510959655e-05 
1649076970.9079485 -2.5669229394043214 -1.592573261616053 0.04234023543540388 0.007904583231720608 16.960606431450287 9.435426894546254 -10.187958852322481 -16.729079673590604 1.1054216715419898 0.013352820293221157 -0.047532393036817666 -1.1658652510959655e-05 -1.1658652510959655e-05 -1.1658652510959655e-05 -1.1658652510959655e-05 -1.1658652510959655e-05 
1649076970.9166055 0.22951278991240542 -1.2619304644831573 0.0439234838122502 0.0314204782480374 16.78693805430521 9.66695368665387 -10.47739062551409 -16.902748050728405 1.1164112779297284 0.013166555778298061 -0.04813775271031773 -1.1658652510959655e-05 -1.1658652510959655e-05 -1.1658652510959655e-05 -1.1658652510959655e-05 -1.1658652510959655e-05 
1649076970.9375505 0.4941248164905119 2.686365025387204 0.04313185962382704 0.031373912119306624 17.423683298722608 9.261758517408452 -9.551213607905083 -15.976571033119399 1.1274474504389218 0.012910442070278805 -0.04874311238381779 -1.1658652510959655e-05 -1.1658652510959655e-05 -1.1658652510959655e-05 -1.1658652510959655e-05 -1.1658652510959655e-05 
1649076970.9701314 1.0881456377828727 0.4419474692331278 0.04634492250625044 0.05873151275591226 17.076369827504095 10.130053836990555 -10.361627229460282 -16.786961371610232 1.1441181245318148 0.012700894490990322 -0.050233228503202554 -1.1658652510959655e-05 -1.1658652510959655e-05 -1.1658652510959655e-05 -1.1658652510959655e-05 -1.1658652510959655e-05 
1649076971.0728378 -0.17212007048510714 0.08988425288407598 0.04674073460046202 0.042479933821596205 18.407765297415608 10.65103568534687 -10.824704096732603 -18.292001935602457 1.1982512491886155 0.012980291263374966 -0.055122672019933816 -1.1658652510959655e-05 -1.1658652510959655e-05 -1.1658652510959655e-05 -1.1658652510959655e-05 -1.1658652510959655e-05 
1649076971.0806384 2.4665263315982884 0.1228065059040091 0.0464147716993466 0.024621823453344405 17.539469977833505 10.940444175481389 -10.187958852322481 -18.11835684152902 1.208938175739604 0.013189838842663448 -0.05579788088653004 -1.1658652510959655e-05 -1.1658652510959655e-05 -1.1658652510959655e-05 -1.1658652510959655e-05 -1.1658652510959655e-05 
1649076971.096466 -0.9704497816273943 1.167354622768471 0.0455300152534619 0.01018632353952853 18.060451826197095 11.171994250646094 -10.245840550342109 -18.58143370880134 1.214223431350547 0.013352820293221157 -0.055891013143991586 -1.1658652510959655e-05 -1.1658652510959655e-05 -1.1658652510959655e-05 -1.1658652510959655e-05 -1.1658652510959655e-05 
1649076971.112893 3.1528877861856017 -2.1349988122601644 0.046158657991327345 0.008370244519028347 17.82890175103239 10.766799081400677 -10.593154021560622 -18.465670312747534 1.2247706595080672 0.013515801743778866 -0.05607727765891468 -1.1658652510959655e-05 -1.1658652510959655e-05 -1.1658652510959655e-05 -1.1658652510959655e-05 -1.1658652510959655e-05 
1649076971.1367915 -4.03678279313317 -0.48055082419887185 0.04469182493630797 0.011443609015259426 17.655233373887313 10.419485610182164 -10.766822398705699 -18.465670312747534 1.2352480384724913 0.013585650936875027 -0.05607727765891468 -1.1658652510959655e-05 -1.1658652510959655e-05 -1.1658652510959655e-05 -1.1658652510959655e-05 -1.1658652510959655e-05 
1649076971.1509116 5.002145173835743 -3.0249706647737185 0.046764017664827406 0.02527374925557524 18.349883599388704 10.940444175481389 -10.593154021560622 -18.292001935602457 1.2405100110263447 0.013608934001240414 -0.05633339136693394 -1.1658652510959655e-05 -1.1658652510959655e-05 -1.1658652510959655e-05 -1.1658652510959655e-05 -1.1658652510959655e-05 
1649076971.1619816 -1.3420940551150125 -2.791464812195045 0.0448082402581349 0.01577425899449736 18.060451826197095 10.65103568534687 -10.651059002651891 -19.16029725518456 1.2506614270896534 0.013608934001240414 -0.05661278813931858 -1.1658652510959655e-05 -1.1658652510959655e-05 -1.1658652510959655e-05 -1.1658652510959655e-05 -1.1658652510959655e-05 
1649076971.2022839 2.5296467191074044 0.26313353486330016 0.04220053704921156 -0.03502938746532891 18.407765297415608 10.940444175481389 -11.056254171897308 -18.928747180019855 1.266098098763905 0.013771915451798122 -0.05631010830256855 -1.1658652510959655e-05 -1.1658652510959655e-05 -1.1658652510959655e-05 -1.1658652510959655e-05 -1.1658652510959655e-05 
1649076971.2274325 -2.187455556289933 -0.8659321056693443 0.04115279915276915 -0.04336472450813744 18.407765297415608 11.63509440098278 -10.361627229460282 -18.986652161111124 1.2810923922224902 0.01433070899656741 -0.055052822826837655 -1.1658652510959655e-05 -1.1658652510959655e-05 -1.1658652510959655e-05 -1.1658652510959655e-05 -1.1658652510959655e-05 
1649076971.3162227 2.660497540869983 -1.4488934713808703 0.03901075723115355 0.01661244931165129 18.349883599388704 11.86662119308312 -10.998372473870404 -19.218178953211464 1.3256328943607514 0.01614678802434355 -0.052980630098318215 -1.1658652510959655e-05 -1.1658652510959655e-05 -1.1658652510959655e-05 -1.1658652510959655e-05 -1.1658652510959655e-05 
1649076971.341818 -2.1739280958863674 -1.0908697905542795 0.03889434190932661 0.033585803234018385 19.044510541833006 11.056230854592286 -10.998372473870404 -19.39184733035654 1.3397889975021826 0.016263203346170485 -0.05402836799476063 -1.1658652510959655e-05 -1.1658652510959655e-05 -1.1658652510959655e-05 -1.1658652510959655e-05 -1.1658652510959655e-05 
1649076971.4071686 2.287898661743384 -2.246175444633991 0.039732532226480544 0.052049273283046205 19.21815563590644 10.5931307042556 -11.461449341142725 -18.639315406828246 1.3728975150370388 0.016263203346170485 -0.055751314757799264 -1.1658652510959655e-05 -1.1658652510959655e-05 -1.1658652510959655e-05 -1.1658652510959655e-05 -1.1658652510959655e-05 
1649076971.4399128 -2.462195715866983 -1.4262390497533488 0.03984894754830748 0.058102870018046815 19.333942315024615 10.072172138963651 -11.577236020260898 -18.639315406828246 1.3864948246264248 0.01577425899449736 -0.057287997005914804 -1.1658652510959655e-05 -1.1658652510959655e-05 -1.1658652510959655e-05 -1.1658652510959655e-05 -1.1658652510959655e-05 
1649076971.47909 4.471710401339806 4.805077317003452 0.04022147657815367 0.054726825685065705 19.565469107124954 10.940444175481389 -11.287804247069289 -18.349906916693726 1.4003948140598368 0.015541428343567532 -0.05931362360570347 -1.1658652510959655e-05 -1.1658652510959655e-05 -1.1658652510959655e-05 -1.1658652510959655e-05 -1.1658652510959655e-05 
1649076971.4889917 -0.8455594243423548 -1.6016070905898232 0.039732532226480544 0.025297032319940627 18.58141039149632 10.535249006235972 -11.461449341142725 -18.23412023758283 1.4093355107761454 0.015238748506817501 -0.06008196472976124 -1.1658652510959655e-05 -1.1658652510959655e-05 -1.1658652510959655e-05 -1.1658652510959655e-05 -1.1658652510959655e-05 
1649076971.5053 1.0938965546811232 -1.4527351770011592 0.03977909835521132 -0.009860394879069645 18.407765297415608 10.535249006235972 -11.519331039169629 -18.40778861472063 1.413759293005569 0.015122333184990566 -0.059965549407934304 -1.1658652510959655e-05 -1.1658652510959655e-05 -1.1658652510959655e-05 -1.1658652510959655e-05 -1.1658652510959655e-05 
1649076971.5284476 -3.1725154436862795 3.3285352237944608 0.039639399969018996 0.0061583534043165855 18.986628843806102 10.18793553501746 -10.651059002651891 -18.002570162410848 1.4225602913356852 0.014912785605702084 -0.06001211553666508 -1.1658652510959655e-05 -1.1658652510959655e-05 -1.1658652510959655e-05 -1.1658652510959655e-05 -1.1658652510959655e-05 
1649076971.5776167 2.4942797443291056 1.1019059288228163 0.041711592697538435 0.042410084628500044 17.365801600695704 11.287780929764267 -10.361627229460282 -18.639315406828246 1.4314078558018082 0.015075767056259792 -0.06066404133889591 -1.1658652510959655e-05 -1.1658652510959655e-05 -1.1658652510959655e-05 -1.1658652510959655e-05 -1.1658652510959655e-05 
1649076971.6101995 2.4942797443291056 1.1019059288228163 0.041711592697538435 0.042410084628500044 17.365801600695704 11.287780929764267 -10.361627229460282 -18.639315406828246 1.4314078558018082 0.015075767056259792 -0.06066404133889591 -1.1658652510959655e-05 -1.1658652510959655e-05 -1.1658652510959655e-05 -1.1658652510959655e-05 -1.1658652510959655e-05 
1649076971.6271703 2.4942797443291056 1.1019059288228163 0.041711592697538435 0.042410084628500044 17.365801600695704 11.287780929764267 -10.361627229460282 -18.639315406828246 1.4314078558018082 0.015075767056259792 -0.06066404133889591 -1.1658652510959655e-05 -1.1658652510959655e-05 -1.1658652510959655e-05 -1.1658652510959655e-05 -1.1658652510959655e-05 
1649076971.6708074 2.4942797443291056 1.1019059288228163 0.041711592697538435 0.042410084628500044 17.365801600695704 11.287780929764267 -10.361627229460282 -18.639315406828246 1.4314078558018082 0.015075767056259792 -0.06066404133889591 -1.1658652510959655e-05 -1.1658652510959655e-05 -1.1658652510959655e-05 -1.1658652510959655e-05 -1.1658652510959655e-05 
1649076971.7097056 4.230334873005631 -0.2749846488732146 0.04403989913407713 0.015867391251958907 16.208097790986358 11.403544325810799 -9.49333190987818 -18.928747180019855 1.5019322577791172 0.019033888005651534 -0.06955817192647373 -1.1658652510959655e-05 -1.1658652510959655e-05 -1.1658652510959655e-05 -1.1658652510959655e-05 -1.1658652510959655e-05 
1649076971.734289 -4.063558317160641 -6.046274229782284 0.042177253984846175 -0.007275974734511692 16.55541126220487 10.419485610182164 -9.609095305931987 -17.655256691192335 1.5173456463890034 0.020570570253767073 -0.06883639693114674 -1.1658652510959655e-05 -1.1658652510959655e-05 -1.1658652510959655e-05 -1.1658652510959655e-05 -1.1658652510959655e-05 
1649076971.757749 -1.2413249525197898 -4.271941743281786 0.043481105589307845 -0.014796404524531681 16.55541126220487 10.708917383373773 -9.49333190987818 -17.655256691192335 1.5209545213729143 0.020803400897420943 -0.06869669854495442 -1.1658652510959655e-05 -1.1658652510959655e-05 -1.1658652510959655e-05 -1.1658652510959655e-05 -1.1658652510959655e-05 
1649076971.7833016 2.5322311392519623 6.370304602394754 0.03975581529084593 -0.03242168425640557 15.050370698212646 11.11411255261919 -8.046173043912859 -17.307943219973822 1.5355297196656466 0.022572913789190352 -0.06823103725764668 -1.1658652510959655e-05 -1.1658652510959655e-05 -1.1658652510959655e-05 -1.1658652510959655e-05 -1.1658652510959655e-05 
1649076971.7996805 2.9338407165851095 -1.420534698976553 0.03884777578059584 -0.037893204382271506 15.397684169431159 10.998349156565382 -8.567154892276449 -17.13429812589311 1.53904546238482 0.023015292012132704 -0.06785850822780048 -1.1658652510959655e-05 -1.1658652510959655e-05 -1.1658652510959655e-05 -1.1658652510959655e-05 -1.1658652510959655e-05 
1649076971.8213427 -1.3588811445224565 2.263544576409913 0.038964191102422774 -0.03372553586086724 14.529388849849056 11.577212702955876 -8.567154892276449 -17.250061521946918 1.5458674002438784 0.024016463779844344 -0.06734628081176197 -1.1658652510959655e-05 -1.1658652510959655e-05 -1.1658652510959655e-05 -1.1658652510959655e-05 -1.1658652510959655e-05 
1649076971.8402216 0.8066533895398607 2.1476181989128236 0.03768362256232649 -0.025460048011154868 14.760938925021037 11.461426023837703 -7.930409647859051 -16.786961371610232 1.5492434445841354 0.02457525732461363 -0.06709016710374271 -1.1658652510959655e-05 -1.1658652510959655e-05 -1.1658652510959655e-05 -1.1658652510959655e-05 -1.1658652510959655e-05 
1649076971.8486106 -0.08858043552027084 -2.2831489508535014 0.039336720132268965 0.017893017851747572 14.471507151822152 10.245817233037087 -8.046173043912859 -16.323884504345187 1.5560886655075592 0.025483296834863722 -0.06725314855430042 -1.1658652510959655e-05 -1.1658652510959655e-05 -1.1658652510959655e-05 -1.1658652510959655e-05 -1.1658652510959655e-05 
1649076971.8727927 0.7870257662725635 -1.2333155783708207 0.03966268303338438 0.037334376596845686 14.471507151822152 10.130053836990555 -7.525191195549269 -15.860784354008501 1.5628873203022522 0.02634477021638304 -0.06781194209906971 -1.1658652510959655e-05 -1.1658652510959655e-05 -1.1658652510959655e-05 -1.1658652510959655e-05 -1.1658652510959655e-05 
1649076971.8887491 0.09367939237563405 -2.3169792433836847 0.03970924916211516 0.045087637030519545 13.371661757075344 10.18793553501746 -7.75674127072125 -15.629257561900886 1.5662633646352333 0.02681043150369078 -0.06825432032201206 -1.1658652510959655e-05 -1.1658652510959655e-05 -1.1658652510959655e-05 -1.1658652510959655e-05 -1.1658652510959655e-05 
1649076971.9031405 1.5549245122892899 -1.6767881054474856 0.03877792658749968 0.026135222637094557 13.950525303465838 10.766799081400677 -7.119996026311128 -16.266002806318284 1.5725730750782532 0.027997867786325514 -0.06885967999551212 -1.1658652510959655e-05 -1.1658652510959655e-05 -1.1658652510959655e-05 -1.1658652510959655e-05 -1.1658652510959655e-05 
1649076971.9140573 2.4752109146065777 3.0182651079885545 0.03740422578994185 -0.005180498941626865 13.487448436193517 10.072172138963651 -6.656919159038807 -15.68713925992779 1.578882785521273 0.029162021004594862 -0.06892952918860829 -1.1658652510959655e-05 -1.1658652510959655e-05 -1.1658652510959655e-05 -1.1658652510959655e-05 -1.1658652510959655e-05 
1649076971.9352894 0.05528561922983499 1.8760911022181972 0.036193506442941725 -0.02590242623409722 13.024348285856831 9.84062206379167 -6.541132479920634 -15.281944090682373 1.5820259992178762 0.02972081454936415 -0.06867341548058903 -1.1658652510959655e-05 -1.1658652510959655e-05 -1.1658652510959655e-05 -1.1658652510959655e-05 -1.1658652510959655e-05 
1649076972.0123384 -0.9331503125067684 4.410732055752305 0.025669561349786818 -0.11610101760743419 11.403544325810799 9.435426894546254 -5.441310368238192 -14.645175563207886 1.6120611522565014 0.035657995962537825 -0.06320189535472309 -1.1658652510959655e-05 -1.1658652510959655e-05 -1.1658652510959655e-05 -1.1658652510959655e-05 -1.1658652510959655e-05 
1649076972.069496 -2.01583608880901 -1.4159945014253026 0.020570570253767073 -0.0915141016303096 10.882562477454485 7.814599651443132 -5.614955462311627 -13.024371603161853 1.6269855965147144 0.03847524675074965 -0.05756739377829945 -1.1658652510959655e-05 -1.1658652510959655e-05 -1.1658652510959655e-05 -1.1658652510959655e-05 -1.1658652510959655e-05 
1649076972.1007614 0.677665212926513 -0.7050461308681406 0.021804572665132582 0.00015132279804674909 10.303698931063991 7.64095455736242 -4.9782102179015055 -11.982431189506315 1.6351346690425999 0.03989551367703825 -0.05654293894622242 -1.1658652510959655e-05 -1.1658652510959655e-05 -1.1658652510959655e-05 -1.1658652510959655e-05 -1.1658652510959655e-05 
1649076972.1495247 1.5817931685742224 0.8371774869301589 0.022689329111017287 0.04078027012292296 8.798681650136132 6.946327614925394 -3.588956333027454 -10.419508927487186 1.6484525818668772 0.04238680156413466 -0.05861513167474186 -1.1658652510959655e-05 -1.1658652510959655e-05 -1.1658652510959655e-05 -1.1658652510959655e-05 -1.1658652510959655e-05 
1649076972.1758597 1.5481491405516863 -0.2554734409277444 0.02504091861192137 0.055797846645873506 8.509249876944523 6.3674640685349 -3.646838031054358 -9.319663532740378 1.6557634640776087 0.043620803975500166 -0.0601518139228574 -1.1658652510959655e-05 -1.1658652510959655e-05 -1.1658652510959655e-05 -1.1658652510959655e-05 -1.1658652510959655e-05 
1649076972.3144362 0.6982008756967844 0.3737048075636267 0.04136234673205763 0.18781282162672142 6.135913993370195 5.0360685986233875 -1.3313838455069344 -6.251700706729025 1.6905250791824074 0.04948813620285364 -0.0774744138107053 -1.1658652510959655e-05 -1.1658652510959655e-05 -1.1658652510959655e-05 -1.1658652510959655e-05 -1.1658652510959655e-05 
1649076972.3394604 0.07218912395910593 -0.35172562903608195 0.05186300876812311 0.26061896391183836 4.804541806523048 4.572991731351067 -0.6367569030626328 -4.052033200292499 1.6986043025171966 0.051117950708430726 -0.08671779037103988 -1.1658652510959655e-05 -1.1658652510959655e-05 -1.1658652510959655e-05 -1.1658652510959655e-05 -1.1658652510959655e-05 
1649076972.4048655 2.3489701395883458 -0.7386203096903046 0.07873166505305562 0.45745399010775145 3.2416195445039193 3.704696411768964 0.8682836609295919 -1.8523656938632485 1.7091282476176275 0.05293402972893091 -0.10906953216181137 -1.1658652510959655e-05 -1.1658652510959655e-05 -1.1658652510959655e-05 -1.1658652510959655e-05 -1.1658652510959655e-05 
1649076972.44438 0.730610901300679 0.20606674409646075 0.09339999560324941 0.5016452462805319 2.4312059229487204 3.473146336604259 0.9840470569761237 -0.6946386010895367 1.713249350010301 0.05377222004608484 -0.1239474102985696 -1.1658652510959655e-05 -1.1658652510959655e-05 -1.1658652510959655e-05 -1.1658652510959655e-05 -1.1658652510959655e-05 
1649076972.4609199 1.771736407710705 -0.49673255394009175 0.10317888263671193 0.5071400494707632 1.9102240745851304 2.7785193941672333 1.6786739994204254 -0.11577505470631877 1.716439129828359 0.054354296655219514 -0.1340988263618783 -1.1658652510959655e-05 -1.1658652510959655e-05 -1.1658652510959655e-05 -1.1658652510959655e-05 -1.1658652510959655e-05 
1649076972.4749067 1.669919567211764 -0.43598703899624525 0.11114169065695023 0.48227373672125395 0.810401962902688 2.604851017022156 1.7944606785313226 0.2315384165121941 1.7193727959383978 0.05500622245745035 -0.14394756259571295 -1.1658652510959655e-05 -1.1658652510959655e-05 -1.1658652510959655e-05 -1.1658652510959655e-05 -1.1658652510959655e-05 
1649076972.493158 1.8088961784451385 -0.7256516428315081 0.11349328015785431 0.4453467966304743 0.4051835105929058 1.6786739994204254 1.6786739994204254 0.289420114539098 1.7207464967359556 0.05528561922983499 -0.14841791095386725 -1.1658652510959655e-05 -1.1658652510959655e-05 -1.1658652510959655e-05 -1.1658652510959655e-05 -1.1658652510959655e-05 
1649076972.509051 0.9872368368014577 -0.9859330194376525 0.11738155190687394 0.35095725367136765 -1.1658652510959655e-05 0.7524969818114187 1.1577154341212008 0.6367335857576109 1.7234706152667059 0.05558829906658502 -0.15596162380825263 -1.1658652510959655e-05 -1.1658652510959655e-05 -1.1658652510959655e-05 -1.1658652510959655e-05 -1.1658652510959655e-05 
1649076972.5238986 0.6154994310563779 -0.8396222429291811 0.11856898818950867 0.23614846326381667 -0.17368003579758806 -0.2894434318441199 0.578851887730707 0.7524969818114187 1.725705789445783 0.0556348651953158 -0.1612003132904647 -1.1658652510959655e-05 -1.1658652510959655e-05 -1.1658652510959655e-05 -1.1658652510959655e-05 -1.1658652510959655e-05 
1649076972.5395913 0.6181304173296667 -0.9772484364220873 0.11894151721935486 0.1873238772750483 -0.463111808989197 -0.3473251298710238 0.17365671849256614 0.8682836609295919 1.726613828956033 0.055565016002219636 -0.16308624150406104 -1.1658652510959655e-05 -1.1658652510959655e-05 -1.1658652510959655e-05 -1.1658652510959655e-05 -1.1658652510959655e-05 
1649076972.6091402 0.6181304173296667 -0.9772484364220873 0.11894151721935486 0.1873238772750483 -0.463111808989197 -0.3473251298710238 0.17365671849256614 0.8682836609295919 1.726613828956033 0.055565016002219636 -0.16308624150406104 -1.1658652510959655e-05 -1.1658652510959655e-05 -1.1658652510959655e-05 -1.1658652510959655e-05 -1.1658652510959655e-05 
1649076972.6175091 0.6181304173296667 -0.9772484364220873 0.11894151721935486 0.1873238772750483 -0.463111808989197 -0.3473251298710238 0.17365671849256614 0.8682836609295919 1.726613828956033 0.055565016002219636 -0.16308624150406104 -1.1658652510959655e-05 -1.1658652510959655e-05 -1.1658652510959655e-05 -1.1658652510959655e-05 -1.1658652510959655e-05 
1649076972.6416981 0.6181304173296667 -0.9772484364220873 0.11894151721935486 0.1873238772750483 -0.463111808989197 -0.3473251298710238 0.17365671849256614 0.8682836609295919 1.726613828956033 0.055565016002219636 -0.16308624150406104 -1.1658652510959655e-05 -1.1658652510959655e-05 -1.1658652510959655e-05 -1.1658652510959655e-05 -1.1658652510959655e-05 
1649076972.6583083 0.6181304173296667 -0.9772484364220873 0.11894151721935486 0.1873238772750483 -0.463111808989197 -0.3473251298710238 0.17365671849256614 0.8682836609295919 1.726613828956033 0.055565016002219636 -0.16308624150406104 -1.1658652510959655e-05 -1.1658652510959655e-05 -1.1658652510959655e-05 -1.1658652510959655e-05 -1.1658652510959655e-05 
1649076972.6664648 0.6181304173296667 -0.9772484364220873 0.11894151721935486 0.1873238772750483 -0.463111808989197 -0.3473251298710238 0.17365671849256614 0.8682836609295919 1.726613828956033 0.055565016002219636 -0.16308624150406104 -1.1658652510959655e-05 -1.1658652510959655e-05 -1.1658652510959655e-05 -1.1658652510959655e-05 -1.1658652510959655e-05 
1649076972.6871295 0.5097477526796865 -0.43275069304945646 0.11856898818950867 0.02420272829476744 -0.057893356679414865 -0.11577505470631877 -0.11577505470631877 -0.057893356679414865 1.7360667530883802 0.054796674878161866 -0.17051353903661948 -1.1658652510959655e-05 -1.1658652510959655e-05 -1.1658652510959655e-05 -1.1658652510959655e-05 -1.1658652510959655e-05 
1649076972.773622 0.4429719240652048 -0.2765911803144263 0.11908121560554719 0.03437742742244154 -1.1658652510959655e-05 -1.1658652510959655e-05 -1.1658652510959655e-05 -1.1658652510959655e-05 1.7229583878506673 0.054796674878161866 -0.172352901128761 -1.1658652510959655e-05 -1.1658652510959655e-05 -1.1658652510959655e-05 -1.1658652510959655e-05 -1.1658652510959655e-05 
1649076972.781056 0.3868830219944357 -0.2609915271823411 0.11866212044697022 0.01968581380788237 -1.1658652510959655e-05 -0.057893356679414865 -0.057893356679414865 -1.1658652510959655e-05 1.718488039492513 0.05477339181379648 -0.17281856241606874 -1.1658652510959655e-05 -1.1658652510959655e-05 -1.1658652510959655e-05 -1.1658652510959655e-05 -1.1658652510959655e-05 
1649076972.7973337 0.32748792478378164 -0.24494949583458947 0.11891823415498948 0.018940755748189986 -1.1658652510959655e-05 -1.1658652510959655e-05 -1.1658652510959655e-05 -1.1658652510959655e-05 1.7123645935644163 0.05477339181379648 -0.17316780838154955 -1.1658652510959655e-05 -1.1658652510959655e-05 -1.1658652510959655e-05 -1.1658652510959655e-05 -1.1658652510959655e-05 
1649076972.8137684 0.33491522232361604 -0.2438319087450509 0.11915106479864335 0.024295860552228987 -0.2894434318441199 0.057870039374392945 0.057870039374392945 0.4630884916841751 1.7091515306819929 0.05477339181379648 -0.1734239220895688 -1.1658652510959655e-05 -1.1658652510959655e-05 -1.1658652510959655e-05 -1.1658652510959655e-05 -1.1658652510959655e-05 
1649076972.834292 0.4506320522414171 -0.6254413337810547 0.11880181883316254 0.028696359717287123 -0.3473251298710238 -0.11577505470631877 0.11575173740129685 0.057870039374392945 1.702539140394947 0.05470354262070032 -0.17393614950560732 -1.1658652510959655e-05 -1.1658652510959655e-05 -1.1658652510959655e-05 -1.1658652510959655e-05 -1.1658652510959655e-05 
1649076972.8508637 0.3274180755906855 -0.5549402148681111 0.11922091399173951 0.03242165001574904 -0.17368003579758806 -0.11577505470631877 0.11575173740129685 0.289420114539098 1.695135125926754 0.05470354262070032 -0.17454150917910738 -1.1658652510959655e-05 -1.1658652510959655e-05 -1.1658652510959655e-05 -1.1658652510959655e-05 -1.1658652510959655e-05 
1649076972.8713813 0.6565474735398311 -0.22983878705417737 0.11998925511579728 0.03647290321532637 -0.2894434318441199 -0.057893356679414865 0.2315384165121941 0.520970189711079 1.6912468541777343 0.05470354262070032 -0.17491403820895357 -1.1658652510959655e-05 -1.1658652510959655e-05 -1.1658652510959655e-05 -1.1658652510959655e-05 -1.1658652510959655e-05 
1649076972.9119577 0.20422738201159518 -0.2577318981711869 0.12443632040958619 0.10166548345296178 -0.057893356679414865 -0.057893356679414865 0.289420114539098 0.578851887730707 1.6707810405932833 0.05454056117014261 -0.1787790268936078 -1.1658652510959655e-05 -1.1658652510959655e-05 -1.1658652510959655e-05 -1.1658652510959655e-05 -1.1658652510959655e-05 
1649076972.9285665 0.5443231032695621 -0.2966146156686591 0.12611270104389405 0.11328373257856583 -1.1658652510959655e-05 -1.1658652510959655e-05 0.4630884916841751 0.7524969818114187 1.6612117011391092 0.05444742891268106 -0.18101420107268495 -1.1658652510959655e-05 -1.1658652510959655e-05 -1.1658652510959655e-05 -1.1658652510959655e-05 -1.1658652510959655e-05 
1649076972.9505203 0.9326380508500733 -0.24876791839051293 0.12932576392631745 0.132608676001837 -1.1658652510959655e-05 0.11575173740129685 0.7524969818114187 0.9840470569761237 1.651269832655089 0.0543775797195849 -0.18355205508851213 -1.1658652510959655e-05 -1.1658652510959655e-05 -1.1658652510959655e-05 -1.1658652510959655e-05 -1.1658652510959655e-05 
1649076972.965197 0.572961272446264 -0.14217804970394354 0.13130482439737534 0.14990799283259548 -1.1658652510959655e-05 0.11575173740129685 0.9261653589564958 1.099833736094297 1.646100992365973 0.0543775797195849 -0.1850421712078969 -1.1658652510959655e-05 -1.1658652510959655e-05 -1.1658652510959655e-05 -1.1658652510959655e-05 -1.1658652510959655e-05 
1649076972.9822314 0.7728463800740428 -0.39999142148008104 0.1346110195372603 0.17987329667812446 -0.17368003579758806 -0.11577505470631877 0.8682836609295919 1.2734788301750086 1.6354140658149845 0.05433101359085413 -0.18848806473397417 -1.1658652510959655e-05 -1.1658652510959655e-05 -1.1658652510959655e-05 -1.1658652510959655e-05 -1.1658652510959655e-05 
1649076973.0495195 0.8610426279119565 -0.4526809961462277 0.14199175094836392 0.12411035750847077 -1.0998570533993188 -1.2735021474800305 0.9261653589564958 2.0838924517302075 1.597718784600147 0.05393520149664255 -0.20054869207524462 -1.1658652510959655e-05 -1.1658652510959655e-05 -1.1658652510959655e-05 -1.1658652510959655e-05 -1.1658652510959655e-05 
1649076973.0753102 1.0089599358543637 -0.35766281044925563 0.14248069530003704 0.06003536436037393 -2.3733475422268384 -2.0839157690352295 1.1577154341212008 2.4890876209756243 1.57990724035335 0.053655804724257905 -0.20294684770487947 -1.1658652510959655e-05 -1.1658652510959655e-05 -1.1658652510959655e-05 -1.1658652510959655e-05 -1.1658652510959655e-05 
1649076973.1645052 1.7300131563533796 -0.4419475034737843 0.14192190175526775 0.03942985238973051 -4.28358327546448 -3.2416428618089412 2.3733242249218165 4.804541806523048 1.53122235275805 0.05286418053583475 -0.20476292673265561 -1.1658652510959655e-05 -1.1658652510959655e-05 -1.1658652510959655e-05 -1.1658652510959655e-05 -1.1658652510959655e-05 
1649076973.2717211 -0.0915141016303096 1.2202537450211821 0.13775423322658753 0.0016647219817969017 -7.698859572694346 -4.573015048656089 4.052009882987477 7.814599651443132 1.4603021386865294 0.05179315957502695 -0.20420413318788633 -1.1658652510959655e-05 -1.1658652510959655e-05 -1.1658652510959655e-05 -1.1658652510959655e-05 -1.1658652510959655e-05 
1649076973.31115 2.302357444721565 -0.06238698810193455 0.1368927598450682 0.010442437247547787 -8.393486515131372 -5.672837160338531 5.730718824124779 8.91444504618994 1.44114017670654 0.051443913609546144 -0.20450681302463636 -1.1658652510959655e-05 -1.1658652510959655e-05 -1.1658652510959655e-05 -1.1658652510959655e-05 -1.1658652510959655e-05 
1649076973.3282816 -2.3888074969654554 0.874546805243881 0.1351232469532988 -0.01372538356372388 -8.451368213158275 -6.135937310675217 5.0360685986233875 8.682894971017959 1.4282413590481156 0.051350781352084596 -0.20436711463844404 -1.1658652510959655e-05 -1.1658652510959655e-05 -1.1658652510959655e-05 -1.1658652510959655e-05 -1.1658652510959655e-05 
1649076973.3434584 0.6400397808974958 -2.677796891941398 0.1338659614775679 -0.036356522134155966 -9.03023175954877 -6.48325078189373 5.267618673788093 9.66695368665387 1.4217919502116274 0.0511645168371615 -0.20399458560859784 -1.1658652510959655e-05 -1.1658652510959655e-05 -1.1658652510959655e-05 -1.1658652510959655e-05 -1.1658652510959655e-05 
1649076973.3534129 3.472727241445682 -1.036317570731626 0.13039678488712525 -0.07884811461553909 -9.146018438659667 -6.714800857065711 6.598990860642516 8.682894971017959 1.4089164156175684 0.05118779990152689 -0.20257431867503328 -1.1658652510959655e-05 -1.1658652510959655e-05 -1.1658652510959655e-05 -1.1658652510959655e-05 -1.1658652510959655e-05 
1649076973.38632 1.037132443743758 0.04036117496434599 0.12892995183210587 -0.07617056220624363 -10.187958852322481 -6.830564253112243 5.614932145006605 9.956385459845478 1.3893819246077328 0.050978252322238404 -0.19996661546610994 -1.1658652510959655e-05 -1.1658652510959655e-05 -1.1658652510959655e-05 -1.1658652510959655e-05 -1.1658652510959655e-05 
1649076973.4252536 8.491391766568995 -5.970208458486013 0.12688104216795182 -0.03661263584217522 -9.9564087771505 -7.409427799502737 7.467286180224619 10.5931307042556 1.370080264248827 0.05069885554985376 -0.19838336708926363 -1.1658652510959655e-05 -1.1658652510959655e-05 -1.1658652510959655e-05 -1.1658652510959655e-05 -1.1658652510959655e-05 
1649076973.4426107 -3.365997708613577 2.3170024922073935 0.12855742280225968 0.009324850158009212 -12.387626358751731 -6.772682555085339 6.135913993370195 11.982407872201293 1.3570417481969343 0.050675572485488374 -0.1982436687030713 -1.1658652510959655e-05 -1.1658652510959655e-05 -1.1658652510959655e-05 -1.1658652510959655e-05 -1.1658652510959655e-05 
1649076973.4572856 1.8822611142750247 1.3247947040435974 0.13216629777889466 0.10711372051446233 -10.535272323540994 -8.798704967441154 7.351522784170811 13.429566738166614 1.344631874890183 0.05023319426254602 -0.199850200144283 -1.1658652510959655e-05 -1.1658652510959655e-05 -1.1658652510959655e-05 -1.1658652510959655e-05 -1.1658652510959655e-05 
1649076973.467905 10.359368737976183 -3.6198529594475986 0.13274837438802933 0.11121153985004639 -11.40356764311582 -8.740799986349884 7.872504632534401 12.619153116611415 1.3382290321897017 0.04995379749016138 -0.20096778723382158 -1.1658652510959655e-05 -1.1658652510959655e-05 -1.1658652510959655e-05 -1.1658652510959655e-05 -1.1658652510959655e-05 
1649076973.4897811 -0.5565933124380535 -1.1822791012746166 0.13081588004570222 0.09461071495024953 -13.024371603161853 -8.104054741939763 7.293641086143907 13.140134964975005 1.3255397621032898 0.04979081603960367 -0.20303997996234102 -1.1658652510959655e-05 -1.1658652510959655e-05 -1.1658652510959655e-05 -1.1658652510959655e-05 -1.1658652510959655e-05 
1649076973.5579066 5.390949065760651 2.7889502070029266 0.1319101840708754 0.0357045620912686 -13.140158282280026 -8.68291828832298 7.872504632534401 12.966466587829927 1.3004871848461335 0.048906059593718965 -0.20492590818321332 -1.1658652510959655e-05 -1.1658652510959655e-05 -1.1658652510959655e-05 -1.1658652510959655e-05 -1.1658652510959655e-05 
1649076973.5660162 5.390949065760651 2.7889502070029266 0.1319101840708754 0.0357045620912686 -13.140158282280026 -8.68291828832298 7.872504632534401 12.966466587829927 1.3004871848461335 0.048906059593718965 -0.20492590818321332 -1.1658652510959655e-05 -1.1658652510959655e-05 -1.1658652510959655e-05 -1.1658652510959655e-05 -1.1658652510959655e-05 
1649076973.6232855 5.390949065760651 2.7889502070029266 0.1319101840708754 0.0357045620912686 -13.140158282280026 -8.68291828832298 7.872504632534401 12.966466587829927 1.3004871848461335 0.048906059593718965 -0.20492590818321332 -1.1658652510959655e-05 -1.1658652510959655e-05 -1.1658652510959655e-05 -1.1658652510959655e-05 -1.1658652510959655e-05 
1649076973.6449654 5.390949065760651 2.7889502070029266 0.1319101840708754 0.0357045620912686 -13.140158282280026 -8.68291828832298 7.872504632534401 12.966466587829927 1.3004871848461335 0.048906059593718965 -0.20492590818321332 -1.1658652510959655e-05 -1.1658652510959655e-05 -1.1658652510959655e-05 -1.1658652510959655e-05 -1.1658652510959655e-05 
1649076973.664168 5.390949065760651 2.7889502070029266 0.1319101840708754 0.0357045620912686 -13.140158282280026 -8.68291828832298 7.872504632534401 12.966466587829927 1.3004871848461335 0.048906059593718965 -0.20492590818321332 -1.1658652510959655e-05 -1.1658652510959655e-05 -1.1658652510959655e-05 -1.1658652510959655e-05 -1.1658652510959655e-05 
1649076973.6805675 1.6402336601386196 -0.07796335816237843 0.1319101840708754 0.08005879972188268 -15.513470882789989 -10.014290475177404 9.088090140263375 17.481588279813877 1.2086587789672194 0.04566971363965422 -0.2078362912288867 -1.1658652510959655e-05 -1.1658652510959655e-05 -1.1658652510959655e-05 -1.1658652510959655e-05 -1.1658652510959655e-05 
1649076973.718476 2.076930815477681 -2.622755727767071 0.1349602655027411 0.09149078432528768 -15.455589184763085 -11.114135869924212 9.319640215435356 18.465646995442512 1.191056782299711 0.0448082402581349 -0.2105138436309062 -1.1658652510959655e-05 -1.1658652510959655e-05 -1.1658652510959655e-05 -1.1658652510959655e-05 -1.1658652510959655e-05 
1649076973.7701752 3.7643709057520027 1.6535981390916277 0.1338892445419333 0.031676591956056654 -15.976571033119399 -11.172017567951116 9.435426894546254 17.539469977833505 1.1625117453804705 0.043318124138750136 -0.21363377425586805 -1.1658652510959655e-05 -1.1658652510959655e-05 -1.1658652510959655e-05 -1.1658652510959655e-05 -1.1658652510959655e-05 
1649076973.7788498 -1.2891483667335706 -0.8709146814435371 0.13286478970985627 -0.0005937352616456337 -16.902748050728405 -10.535272323540994 10.072172138963651 17.713115071914217 1.1514522898069117 0.04282917978707701 -0.21377347264206037 -1.1658652510959655e-05 -1.1658652510959655e-05 -1.1658652510959655e-05 -1.1658652510959655e-05 -1.1658652510959655e-05 
1649076973.7950466 1.9166502003499772 0.34117836663790513 0.13381939534883713 0.017404073500074446 -17.365824918000726 -10.94046749278641 9.898503761818574 18.291978618297435 1.146120468067238 0.0426661983365193 -0.21393645409261808 -1.1658652510959655e-05 -1.1658652510959655e-05 -1.1658652510959655e-05 -1.1658652510959655e-05 -1.1658652510959655e-05 
1649076973.8161576 1.8705962990279659 -4.187051690583758 0.13374954615574097 0.02497106941882521 -17.365824918000726 -11.22989926597802 10.245817233037087 18.639292089523224 1.1357827874817303 0.04234023543540388 -0.21433226618682966 -1.1658652510959655e-05 -1.1658652510959655e-05 -1.1658652510959655e-05 -1.1658652510959655e-05 -1.1658652510959655e-05 
1649076973.8491275 1.6351113859782345 -0.8555245758907404 0.1317239195559523 0.0028987243931624107 -16.96062974875531 -11.172017567951116 10.419485610182164 18.060451826197095 1.1200900020994595 0.041874574148096144 -0.2146116629592143 -1.1658652510959655e-05 -1.1658652510959655e-05 -1.1658652510959655e-05 -1.1658652510959655e-05 -1.1658652510959655e-05 
1649076973.8604734 -0.8173170672598644 0.44213373374805087 0.13074603085260605 -0.022433249643654563 -17.771043370310508 -11.056254171897308 10.245817233037087 18.349883599388704 1.1099385860288749 0.0415951773757115 -0.21435554925119504 -1.1658652510959655e-05 -1.1658652510959655e-05 -1.1658652510959655e-05 -1.1658652510959655e-05 -1.1658652510959655e-05 
1649076973.8767543 2.604362072670483 -1.1052121582033578 0.1319334671352408 0.01651931705418974 -18.002570162410848 -12.271862962697924 10.072172138963651 19.39182401305152 1.100555511089624 0.04108294995967299 -0.2144253984442912 -1.1658652510959655e-05 -1.1658652510959655e-05 -1.1658652510959655e-05 -1.1658652510959655e-05 -1.1658652510959655e-05 
1649076973.8981173 2.6859226471642614 -1.4242367062179255 0.13258539293747162 0.01048900337627856 -16.786961371610232 -11.982431189506315 9.84062206379167 18.928723862714833 1.0957591998303542 0.040640571736730635 -0.21451853070175275 -1.1658652510959655e-05 -1.1658652510959655e-05 -1.1658652510959655e-05 -1.1658652510959655e-05 -1.1658652510959655e-05 
1649076973.9140265 0.9011360647564288 2.761825437009975 0.13179376874904847 0.02450540813151747 -17.13429812589311 -11.287804247069289 9.898503761818574 18.523528693469416 1.086120011183084 0.040105061256326735 -0.21503075811779127 -1.1658652510959655e-05 -1.1658652510959655e-05 -1.1658652510959655e-05 -1.1658652510959655e-05 -1.1658652510959655e-05 
1649076973.9259553 -1.8122256908900454 -1.125026045985578 0.13232927922945237 0.031117798411287367 -17.13429812589311 -10.766822398705699 9.551190290600061 18.75507876863412 1.0766903701078263 0.039499701582826674 -0.2156826839200221 -1.1658652510959655e-05 -1.1658652510959655e-05 -1.1658652510959655e-05 -1.1658652510959655e-05 -1.1658652510959655e-05 
1649076973.9623756 2.09276329925342 -0.3354274839803111 0.13468086873035645 0.07738124731258722 -16.6711979755637 -11.40356764311582 9.782740365772042 17.944665147078922 1.0632793250333634 0.038917624973692 -0.2173124984255992 -1.1658652510959655e-05 -1.1658652510959655e-05 -1.1658652510959655e-05 -1.1658652510959655e-05 -1.1658652510959655e-05 
1649076973.9787014 -1.577951497187314 -0.7547321902311523 0.1349369824383757 0.07256165298895212 -18.11835684152902 -11.172017567951116 9.84062206379167 18.58141039149632 1.0545016097676125 0.038428680622018874 -0.21884918067371473 -1.1658652510959655e-05 -1.1658652510959655e-05 -1.1658652510959655e-05 -1.1658652510959655e-05 -1.1658652510959655e-05 
1649076973.9947712 2.2214487960300175 -1.2099626648123376 0.13537936066131806 0.0722356900878367 -17.42370661602763 -10.998372473870404 9.956385459845478 18.234096920277807 1.050264092053112 0.03824241610709578 -0.21957095566904172 -1.1658652510959655e-05 -1.1658652510959655e-05 -1.1658652510959655e-05 -1.1658652510959655e-05 -1.1658652510959655e-05 
1649076974.0076377 1.182092802519037 0.9564799087675055 0.13563547436933732 0.05570471438841196 -17.4816115971189 -10.708940700678795 9.782740365772042 17.59735167586041 1.0419054719386622 0.03800958546344191 -0.22073510888731107 -1.1658652510959655e-05 -1.1658652510959655e-05 -1.1658652510959655e-05 -1.1658652510959655e-05 -1.1658652510959655e-05 
1649076974.0275745 -1.354154682456283 1.4964607376532513 0.13535607759695267 0.04075698705855757 -17.13429812589311 -10.303722248369013 9.724858667745139 18.060451826197095 1.0336632671533152 0.03768362256232649 -0.22164314839756116 -1.1658652510959655e-05 -1.1658652510959655e-05 -1.1658652510959655e-05 -1.1658652510959655e-05 -1.1658652510959655e-05 
1649076974.0441997 2.781499626406003 0.29607907094759867 0.1358217388842604 0.0472296789594111 -17.076393144809117 -10.47739062551409 9.493308592573158 17.59735167586041 1.0296352970181033 0.03752064111176878 -0.2221320927492343 -1.1658652510959655e-05 -1.1658652510959655e-05 -1.1658652510959655e-05 -1.1658652510959655e-05 -1.1658652510959655e-05 
1649076974.0603087 1.366890484430769 0.9088194759970065 0.13521637921076035 0.01975566300097853 -17.42370661602763 -10.187958852322481 10.130053836990555 17.771020053005486 1.0219518857775256 0.03728781046811491 -0.22278401855146512 -1.1658652510959655e-05 -1.1658652510959655e-05 -1.1658652510959655e-05 -1.1658652510959655e-05 -1.1658652510959655e-05 
1649076974.093159 -1.5929457906458993 -1.8735299993786612 0.13414535824995255 -0.002363248153415043 -17.307943219973822 -10.187958852322481 9.724858667745139 17.713115071914217 1.01054318423121 0.03693856450263411 -0.22315654758131132 -1.1658652510959655e-05 -1.1658652510959655e-05 -1.1658652510959655e-05 -1.1658652510959655e-05 -1.1658652510959655e-05 
1649076974.1058028 -1.4192308473720914 -0.2538436264221673 0.1342152074430487 0.0074389219444128685 -16.20812110829138 -9.666977003958891 9.203876819381549 16.381742885059793 1.0033720004066708 0.03698513063136488 -0.2231798306456767 -1.1658652510959655e-05 -1.1658652510959655e-05 -1.1658652510959655e-05 -1.1658652510959655e-05 -1.1658652510959655e-05 
1649076974.1422443 -2.6460620752040995 0.1446925864147488 0.1344014719579718 0.021408760570921004 -16.613316277536796 -9.261781834713474 9.609071988626965 16.15019280989509 0.9928014891847852 0.03693856450263411 -0.22357564273988828 -1.1658652510959655e-05 -1.1658652510959655e-05 -1.1658652510959655e-05 -1.1658652510959655e-05 -1.1658652510959655e-05 
1649076974.2202408 1.1537107470503543 -2.709997369966004 0.13293463890295243 0.02029117348138243 -14.182098695935565 -8.68291828832298 8.509249876944523 14.818820623047941 0.9679817425640067 0.0373110935324803 -0.22418100241338834 -1.1658652510959655e-05 -1.1658652510959655e-05 -1.1658652510959655e-05 -1.1658652510959655e-05 -1.1658652510959655e-05 
1649076974.3184347 0.7205526174948318 1.3045151549813454 0.1312116921399138 0.013399386421951931 -13.024371603161853 -8.104054741939763 6.888422633834125 13.545330134220421 0.9372015314656892 0.03656603547278792 -0.22529858950292692 -1.1658652510959655e-05 -1.1658652510959655e-05 -1.1658652510959655e-05 -1.1658652510959655e-05 -1.1658652510959655e-05 
1649076974.3551898 1.456856245160452 0.25542684055835707 0.13142123971920228 0.026694016181863844 -11.345685945096193 -7.409427799502737 6.0780322953432915 12.329721343419806 0.9290757420021691 0.036053808056749403 -0.22629976127063856 -1.1658652510959655e-05 -1.1658652510959655e-05 -1.1658652510959655e-05 -1.1658652510959655e-05 -1.1658652510959655e-05 
1649076974.371604 -0.576896144564671 -4.396110325564223 0.1320964485857985 0.0355182975763455 -11.577236020260898 -7.525191195549269 5.499168748960074 12.271839645392902 0.9274226444322267 0.03579769434873015 -0.22664900723611936 -1.1658652510959655e-05 -1.1658652510959655e-05 -1.1658652510959655e-05 -1.1658652510959655e-05 -1.1658652510959655e-05 
1649076974.433023 0.24739418335229857 -2.7239904916496016 0.13072274778824067 0.015355163828644436 -8.972350061521865 -5.962268933537416 4.862423504542676 9.724858667745139 0.9142909961228725 0.034889654838480055 -0.22755704674636945 -1.1658652510959655e-05 -1.1658652510959655e-05 -1.1658652510959655e-05 -1.1658652510959655e-05 -1.1658652510959655e-05 
1649076974.467254 -0.9168754505080869 1.1859577912036912 0.13151437197666382 0.030978100025095046 -8.68291828832298 -5.557073764291999 4.515110033324163 9.435426894546254 0.9132199751620647 0.03470339032355696 -0.22785972658311948 -1.1658652510959655e-05 -1.1658652510959655e-05 -1.1658652510959655e-05 -1.1658652510959655e-05 -1.1658652510959655e-05 
1649076974.4731402 -2.888275793848152 -0.8439296098367777 0.13202659939270234 0.0448082402581349 -7.814622968748154 -5.209760293066211 4.109891581014381 9.030208442243747 0.9113340469484683 0.03430757822934538 -0.22865135077154264 -1.1658652510959655e-05 -1.1658652510959655e-05 -1.1658652510959655e-05 -1.1658652510959655e-05 -1.1658652510959655e-05 
1649076974.4818363 0.1269043252323172 -2.4957466116247815 0.133330450997164 0.06888292881922098 -7.351546101475833 -5.672837160338531 4.225678260132554 7.872504632534401 0.9097042324428912 0.033981615328229964 -0.22986207011854276 -1.1658652510959655e-05 -1.1658652510959655e-05 -1.1658652510959655e-05 -1.1658652510959655e-05 -1.1658652510959655e-05 
1649076974.5025349 -0.921695044831722 -2.1546730016561924 0.13465758566599106 0.06820771995262476 -6.714800857065711 -5.7886238394567044 3.704696411768964 8.509249876944523 0.9091221558337566 0.03363236936274916 -0.23053727898513898 -1.1658652510959655e-05 -1.1658652510959655e-05 -1.1658652510959655e-05 -1.1658652510959655e-05 -1.1658652510959655e-05 
1649076974.5513515 -1.9932747994389501 -2.4841749286279082 0.133330450997164 0.062247255475085694 -6.0201739146214095 -4.515133350629185 2.604851017022156 7.235736105052638 0.9080511348729488 0.032980443560518324 -0.2317479983321391 -1.1658652510959655e-05 -1.1658652510959655e-05 -1.1658652510959655e-05 -1.1658652510959655e-05 -1.1658652510959655e-05 
1649076974.563633 -1.9932747994389501 -2.4841749286279082 0.133330450997164 0.062247255475085694 -6.0201739146214095 -4.515133350629185 2.604851017022156 7.235736105052638 0.9080511348729488 0.032980443560518324 -0.2317479983321391 -1.1658652510959655e-05 -1.1658652510959655e-05 -1.1658652510959655e-05 -1.1658652510959655e-05 -1.1658652510959655e-05 
1649076974.5839627 -1.9932747994389501 -2.4841749286279082 0.133330450997164 0.062247255475085694 -6.0201739146214095 -4.515133350629185 2.604851017022156 7.235736105052638 0.9080511348729488 0.032980443560518324 -0.2317479983321391 -1.1658652510959655e-05 -1.1658652510959655e-05 -1.1658652510959655e-05 -1.1658652510959655e-05 -1.1658652510959655e-05 
1649076974.600408 -1.9932747994389501 -2.4841749286279082 0.133330450997164 0.062247255475085694 -6.0201739146214095 -4.515133350629185 2.604851017022156 7.235736105052638 0.9080511348729488 0.032980443560518324 -0.2317479983321391 -1.1658652510959655e-05 -1.1658652510959655e-05 -1.1658652510959655e-05 -1.1658652510959655e-05 -1.1658652510959655e-05 
1649076974.6127374 -1.9932747994389501 -2.4841749286279082 0.133330450997164 0.062247255475085694 -6.0201739146214095 -4.515133350629185 2.604851017022156 7.235736105052638 0.9080511348729488 0.032980443560518324 -0.2317479983321391 -1.1658652510959655e-05 -1.1658652510959655e-05 -1.1658652510959655e-05 -1.1658652510959655e-05 -1.1658652510959655e-05 
1649076974.6328614 -1.9932747994389501 -2.4841749286279082 0.133330450997164 0.062247255475085694 -6.0201739146214095 -4.515133350629185 2.604851017022156 7.235736105052638 0.9080511348729488 0.032980443560518324 -0.2317479983321391 -1.1658652510959655e-05 -1.1658652510959655e-05 -1.1658652510959655e-05 -1.1658652510959655e-05 -1.1658652510959655e-05 
1649076974.6453881 -1.9932747994389501 -2.4841749286279082 0.133330450997164 0.062247255475085694 -6.0201739146214095 -4.515133350629185 2.604851017022156 7.235736105052638 0.9080511348729488 0.032980443560518324 -0.2317479983321391 -1.1658652510959655e-05 -1.1658652510959655e-05 -1.1658652510959655e-05 -1.1658652510959655e-05 -1.1658652510959655e-05 
1649076974.6695728 -0.9032548578543356 0.28178326942725107 0.13523966227512574 0.022177101694978774 -1.8523656938632485 -0.6946386010895367 1.5050289053397137 1.6786739994204254 0.8891918527297094 0.032351800822652876 -0.23843023781228112 -1.1658652510959655e-05 -1.1658652510959655e-05 -1.1658652510959655e-05 -1.1658652510959655e-05 -1.1658652510959655e-05 
1649076974.6906593 -1.0720337914754055 -0.5179434255842352 0.1351465300176642 0.02979066374246031 -1.7366022978094406 -1.1658652510959655e-05 1.099833736094297 0.4051835105929058 0.8910079317502095 0.03270104678813368 -0.2389890313570504 -1.1658652510959655e-05 -1.1658652510959655e-05 -1.1658652510959655e-05 -1.1658652510959655e-05 -1.1658652510959655e-05 
1649076974.7018642 -0.6988062696109409 -0.125716923190339 0.13489041630964493 0.021082797669805586 -1.0419520723080495 -0.057893356679414865 0.7524969818114187 -0.057893356679414865 0.8920091035251971 0.032910594367422163 -0.2391985789363389 -1.1658652510959655e-05 -1.1658652510959655e-05 -1.1658652510959655e-05 -1.1658652510959655e-05 -1.1658652510959655e-05 
1649076974.7149982 -0.962673238129355 -0.6322865547044785 0.1331441864822409 -0.006926728769030888 -0.6367569030626328 -1.1658652510959655e-05 0.11575173740129685 -0.231561733817216 0.894407259154832 0.03316670807544142 -0.23924514506506966 -1.1658652510959655e-05 -1.1658652510959655e-05 -1.1658652510959655e-05 -1.1658652510959655e-05 -1.1658652510959655e-05 
1649076974.7272048 -0.6784568713555927 -0.7184106098138727 0.13202659939270234 -0.024179479471058585 -0.231561733817216 -1.1658652510959655e-05 -0.11577505470631877 -0.4052068278979277 0.8958740922098514 0.03323655726853758 -0.2390123144214158 -1.1658652510959655e-05 -1.1658652510959655e-05 -1.1658652510959655e-05 -1.1658652510959655e-05 -1.1658652510959655e-05 
1649076974.7762465 0.5952664481155807 -0.6004120395809878 0.1287204042528174 -0.044109782567829825 0.520970189711079 -1.1658652510959655e-05 -0.11577505470631877 -0.4052068278979277 0.9041395800595637 0.03309685888234526 -0.23628819589066552 -1.1658652510959655e-05 -1.1658652510959655e-05 -1.1658652510959655e-05 -1.1658652510959655e-05 -1.1658652510959655e-05 
1649076974.7975554 0.7900525646400638 -0.15451807381759863 0.13025708650093293 0.011769571916374844 0.4630884916841751 0.11575173740129685 -0.231561733817216 0.11575173740129685 0.908609928417718 0.03295716049615294 -0.23619506363320397 -1.1658652510959655e-05 -1.1658652510959655e-05 -1.1658652510959655e-05 -1.1658652510959655e-05 -1.1658652510959655e-05 
1649076974.8090193 0.5626235918680322 -0.012957042439666111 0.1322594300363562 0.06923217478470178 0.2315384165121941 0.057870039374392945 0.057870039374392945 0.17365671849256614 0.9148265066032764 0.03286402823869139 -0.23733593378710793 -1.1658652510959655e-05 -1.1658652510959655e-05 -1.1658652510959655e-05 -1.1658652510959655e-05 -1.1658652510959655e-05 
1649076974.8253825 0.8449074642994674 0.15260882829898037 0.13274837438802933 0.07940687391965184 0.4630884916841751 0.057870039374392945 0.11575173740129685 -0.463111808989197 0.9181792678718921 0.032887311303056777 -0.2381275579755311 -1.1658652510959655e-05 -1.1658652510959655e-05 -1.1658652510959655e-05 -1.1658652510959655e-05 -1.1658652510959655e-05 
1649076974.8462093 -0.2880231649178313 -0.15326078834186774 0.13307433728914475 0.07577471587137552 0.2315384165121941 -1.1658652510959655e-05 0.057870039374392945 -0.057893356679414865 0.9255367162186303 0.03300372662488371 -0.2397340894167428 -1.1658652510959655e-05 -1.1658652510959655e-05 -1.1658652510959655e-05 -1.1658652510959655e-05 -1.1658652510959655e-05 
1649076974.8625631 0.3625755027969717 -0.35389095402206294 0.1320731655214331 0.03786988707724959 0.2315384165121941 -1.1658652510959655e-05 -0.17368003579758806 -0.6367569030626328 0.9335693734246888 0.0330270096892491 -0.24071197812008904 -1.1658652510959655e-05 -1.1658652510959655e-05 -1.1658652510959655e-05 -1.1658652510959655e-05 -1.1658652510959655e-05 
1649076974.8787549 -0.24071197812008904 -0.24602051679539727 0.13151437197666382 0.0210595146054402 0.4051835105929058 0.2315384165121941 -0.3473251298710238 -0.7525202991164406 0.9378068911391892 0.033050292753614485 -0.24092152569937753 -1.1658652510959655e-05 -1.1658652510959655e-05 -1.1658652510959655e-05 -1.1658652510959655e-05 -1.1658652510959655e-05 
1649076974.8953524 -0.03454044311365578 -0.31573001151991775 0.13107199375372147 -0.00038418768235715106 0.810401962902688 0.11575173740129685 -0.4052068278979277 -0.6946386010895367 0.9468407201129594 0.03300372662488371 -0.2409913748924737 -1.1658652510959655e-05 -1.1658652510959655e-05 -1.1658652510959655e-05 -1.1658652510959655e-05 -1.1658652510959655e-05 
1649076974.9279454 0.20343575781589607 -0.21703310165321454 0.13344686631899094 0.04422616364900023 0.9840470569761237 0.4051835105929058 -0.5209935070161009 -0.6367569030626328 0.9615090506704291 0.03286402823869139 -0.24173643295216607 -1.1658652510959655e-05 -1.1658652510959655e-05 -1.1658652510959655e-05 -1.1658652510959655e-05 -1.1658652510959655e-05 
1649076974.9618146 -0.03034949152788613 -0.0873929992376361 0.13500683163147187 0.0731204465337214 1.2155971321481047 1.2734788301750086 -0.8104252802077099 -0.8683069782346138 0.9831855835946044 0.03279417904559523 -0.2445304006760125 -1.1658652510959655e-05 -1.1658652510959655e-05 -1.1658652510959655e-05 -1.1658652510959655e-05 -1.1658652510959655e-05 
1649076974.9953508 -0.8744304241627106 -0.03088500200829003 0.1385225743506453 0.10150250200240407 1.8523423765582265 1.5629106033666176 -0.6367569030626328 -1.7944839958363445 1.0008108633264783 0.03300372662488371 -0.24716138694930123 -1.1658652510959655e-05 -1.1658652510959655e-05 -1.1658652510959655e-05 -1.1658652510959655e-05 -1.1658652510959655e-05 
1649076975.1198037 0.20145669734483818 0.33330869088240433 0.1356587574337027 -0.040198227754444815 4.399323354213266 3.067951167358842 -2.6627793154184474 -5.557073764291999 1.0799034329975257 0.033981615328229964 -0.25270275626826333 -1.1658652510959655e-05 -1.1658652510959655e-05 -1.1658652510959655e-05 -1.1658652510959655e-05 -1.1658652510959655e-05 
1649076975.136113 -0.21165471378481016 -0.009324884398665745 0.13435490582924103 -0.04895265996310627 5.209736975761189 3.125832865385746 -2.778542711472255 -5.7307421414298005 1.0935473087156424 0.03414459677878767 -0.25174815062928246 -1.1658652510959655e-05 -1.1658652510959655e-05 -1.1658652510959655e-05 -1.1658652510959655e-05 -1.1658652510959655e-05 
1649076975.1524274 -0.8708913983791717 0.35596311250992585 0.134052225992491 -0.0370084479363868 5.44128705093317 4.052009882987477 -3.357406257855473 -6.309582404755929 1.1004158127034316 0.034284295164979994 -0.25137562159943627 -1.1658652510959655e-05 -1.1658652510959655e-05 -1.1658652510959655e-05 -1.1658652510959655e-05 -1.1658652510959655e-05 
1649076975.1733465 -1.0786461817551753 -1.360534242092399 0.1331674695466063 -0.029185338309616782 5.7886005221516825 4.16779656210565 -3.299524559828569 -6.541132479920634 1.1144322174586705 0.034586975001730025 -0.2507469788615708 -1.1658652510959655e-05 -1.1658652510959655e-05 -1.1658652510959655e-05 -1.1658652510959655e-05 -1.1658652510959655e-05 
1649076975.1895208 0.7686554284882732 1.7382320780816372 0.1312116921399138 -0.03319002538046334 7.119972709006106 4.399323354213266 -4.052033200292499 -7.640977874667442 1.128355489949172 0.03486637177411467 -0.2500717699949746 -1.1658652510959655e-05 -1.1658652510959655e-05 -1.1658652510959655e-05 -1.1658652510959655e-05 -1.1658652510959655e-05 
1649076975.2061043 -1.6899663198782946 -3.5102595754506183 0.1320731655214331 -0.01670561580976937 6.656895841733785 4.92030520256958 -4.109914898319403 -8.393486515131372 1.1353171261944226 0.03509920241776854 -0.2499087885444169 -1.1658652510959655e-05 -1.1658652510959655e-05 -1.1658652510959655e-05 -1.1658652510959655e-05 -1.1658652510959655e-05 
1649076975.225446 1.3931770641065668 3.596569860834279 0.1283245921586058 -0.058498716352914926 8.451344895853254 5.672813843033509 -4.573015048656089 -8.219841421057936 1.1491938325634692 0.035425165318883955 -0.2490007490341668 -1.1658652510959655e-05 -1.1658652510959655e-05 -1.1658652510959655e-05 -1.1658652510959655e-05 -1.1658652510959655e-05 
1649076975.241892 -3.026740177665488 -4.803494102859986 0.12879025344591355 -0.03251481651386712 7.988268028580933 5.267618673788093 -5.2676419910931145 -9.435450211851276 1.1629541236034129 0.03556486370507628 -0.24823240791010903 -1.1658652510959655e-05 -1.1658652510959655e-05 -1.1658652510959655e-05 -1.1658652510959655e-05 -1.1658652510959655e-05 
1649076975.2555656 0.1561245710181538 0.879482814889343 0.12802191232185578 -0.06858028322312748 8.39346319782635 6.425345766561804 -4.862446821847698 -9.9564087771505 1.1698924767842982 0.03586754354182631 -0.2475571990435128 -1.1658652510959655e-05 -1.1658652510959655e-05 -1.1658652510959655e-05 -1.1658652510959655e-05 -1.1658652510959655e-05 
1649076975.271185 -2.2537191574883764 -1.3756216678084456 0.12587987040024018 -0.02851012944302056 9.203876819381549 6.3674640685349 -5.7886238394567044 -10.361627229460282 1.1836993339602486 0.03630992176476866 -0.2466724425976281 -1.1658652510959655e-05 -1.1658652510959655e-05 -1.1658652510959655e-05 -1.1658652510959655e-05 -1.1658652510959655e-05 
1649076975.3073456 -0.022014154485077597 1.0484712960969773 0.12301605348329758 -0.05686890184733784 10.245817233037087 7.756717953416228 -6.309582404755929 -12.67705813194334 1.2041651475374238 0.03714811208192259 -0.2452288926069741 -1.1658652510959655e-05 -1.1658652510959655e-05 -1.1658652510959655e-05 -1.1658652510959655e-05 -1.1658652510959655e-05 
1649076975.3651161 -4.663912131960387 0.19454162722831825 0.10881338421313558 -0.1531443730200408 12.445484739473613 8.046149726607837 -6.946350932230416 -13.545353451525443 1.250638144025288 0.03889434190932661 -0.2361484975044732 -1.1658652510959655e-05 -1.1658652510959655e-05 -1.1658652510959655e-05 -1.1658652510959655e-05 -1.1658652510959655e-05 
1649076975.3880439 3.79242699831957 1.0141287761434796 0.10774236325232778 -0.14527469726454 11.750857797029312 8.046149726607837 -7.293664403448929 -13.140158282280026 1.257436798819981 0.039103889488615096 -0.23470494750654325 -1.1658652510959655e-05 -1.1658652510959655e-05 -1.1658652510959655e-05 -1.1658652510959655e-05 -1.1658652510959655e-05 
1649076975.4027748 1.150381268846104 1.8720398490186199 0.10634537939040456 -0.13470418603537837 12.966466587829927 8.856563348163036 -7.409427799502737 -14.818843940352963 1.2707081455155276 0.039732532226480544 -0.23205067816888914 -1.1658652510959655e-05 -1.1658652510959655e-05 -1.1658652510959655e-05 -1.1658652510959655e-05 -1.1658652510959655e-05 
1649076975.4141574 -2.1818210547135095 -1.9995612268176046 0.10282963667123113 -0.10469231606111862 13.892643605438934 8.219818103752914 -7.640977874667442 -14.355767073080642 1.2836535293026827 0.040035212063230574 -0.2297689378610812 -1.1658652510959655e-05 -1.1658652510959655e-05 -1.1658652510959655e-05 -1.1658652510959655e-05 -1.1658652510959655e-05 
1649076975.4304204 0.6910529749366106 -0.21910529438173398 0.1025269568344811 -0.09945362657890655 12.966466587829927 8.91444504618994 -8.393486515131372 -14.934607336399495 1.290172787324991 0.04024475964251906 -0.22876776609336957 -1.1658652510959655e-05 -1.1658652510959655e-05 -1.1658652510959655e-05 -1.1658652510959655e-05 -1.1658652510959655e-05 
1649076975.4532845 -1.3796030718149268 -1.4300574723092723 0.10085057620017324 -0.0815023839531932 14.58727054787596 9.319640215435356 -8.393486515131372 -16.034452731146303 1.3027689251539414 0.040803553187288344 -0.2269516870728694 -1.1658652510959655e-05 -1.1658652510959655e-05 -1.1658652510959655e-05 -1.1658652510959655e-05 -1.1658652510959655e-05 
1649076975.463049 -1.5758560213944293 -1.0862830268742982 0.09798675928323064 -0.07395867109153187 14.760938925021037 9.319640215435356 -8.393486515131372 -16.092334429173206 1.3150391000745003 0.04129249753896147 -0.22541500482475385 -1.1658652510959655e-05 -1.1658652510959655e-05 -1.1658652510959655e-05 -1.1658652510959655e-05 -1.1658652510959655e-05 
1649076975.5031552 -1.4321063819734263 0.1071602866431931 0.09684588912932668 -0.06867341548058903 14.35574375577562 10.36160391215526 -8.798704967441154 -16.15021612720011 1.3335957023809897 0.042247103177942336 -0.2233660951605998 -1.1658652510959655e-05 -1.1658652510959655e-05 -1.1658652510959655e-05 -1.1658652510959655e-05 -1.1658652510959655e-05 
1649076975.5120392 -0.6891670809636707 0.2478598446396063 0.09575158510415349 -0.05093172043416416 15.687115942622768 10.072172138963651 -8.740799986349884 -17.539493295138527 1.3394863176654326 0.04257306607905775 -0.22287715080892667 -1.1658652510959655e-05 -1.1658652510959655e-05 -1.1658652510959655e-05 -1.1658652510959655e-05 -1.1658652510959655e-05 
1649076975.5338929 -0.6891670809636707 0.2478598446396063 0.09575158510415349 -0.05093172043416416 15.687115942622768 10.072172138963651 -8.740799986349884 -17.539493295138527 1.3394863176654326 0.04257306607905775 -0.22287715080892667 -1.1658652510959655e-05 -1.1658652510959655e-05 -1.1658652510959655e-05 -1.1658652510959655e-05 -1.1658652510959655e-05 
1649076975.586689 -0.6891670809636707 0.2478598446396063 0.09575158510415349 -0.05093172043416416 15.687115942622768 10.072172138963651 -8.740799986349884 -17.539493295138527 1.3394863176654326 0.04257306607905775 -0.22287715080892667 -1.1658652510959655e-05 -1.1658652510959655e-05 -1.1658652510959655e-05 -1.1658652510959655e-05 -1.1658652510959655e-05 
1649076975.6085522 -0.6891670809636707 0.2478598446396063 0.09575158510415349 -0.05093172043416416 15.687115942622768 10.072172138963651 -8.740799986349884 -17.539493295138527 1.3394863176654326 0.04257306607905775 -0.22287715080892667 -1.1658652510959655e-05 -1.1658652510959655e-05 -1.1658652510959655e-05 -1.1658652510959655e-05 -1.1658652510959655e-05 
1649076975.6133556 -0.6891670809636707 0.2478598446396063 0.09575158510415349 -0.05093172043416416 15.687115942622768 10.072172138963651 -8.740799986349884 -17.539493295138527 1.3394863176654326 0.04257306607905775 -0.22287715080892667 -1.1658652510959655e-05 -1.1658652510959655e-05 -1.1658652510959655e-05 -1.1658652510959655e-05 -1.1658652510959655e-05 
1649076975.6632745 -3.0947034425626043 -0.47337964037433267 0.0784057021519402 -0.0795466065465007 17.481588279813877 11.056230854592286 -9.840645381096692 -18.58143370880134 1.424236671977269 0.046624319278635085 -0.20953595492755994 -1.1658652510959655e-05 -1.1658652510959655e-05 -1.1658652510959655e-05 -1.1658652510959655e-05 -1.1658652510959655e-05 
1649076975.6797652 0.2111424521281151 0.24711478657991393 0.07712513360456796 -0.05584444701526081 16.03442941384128 10.998349156565382 -9.49333190987818 -18.23412023758283 1.4342483896543854 0.04725296202377649 -0.20846493396675214 -1.1658652510959655e-05 -1.1658652510959655e-05 -1.1658652510959655e-05 -1.1658652510959655e-05 -1.1658652510959655e-05 
1649076975.6920056 -0.5558715374427265 3.79394039750332 0.07519263926224085 -0.0753323718890897 16.960606431450287 10.419485610182164 -9.9564087771505 -17.828925068337412 1.4433520678212517 0.04771862331108423 -0.20702138397609815 -1.1658652510959655e-05 -1.1658652510959655e-05 -1.1658652510959655e-05 -1.1658652510959655e-05 -1.1658652510959655e-05 
1649076975.7122836 5.236885028818506 -3.681017569550022 0.07458727958874078 -0.07647324204299366 17.076369827504095 10.36160391215526 -10.419508927487186 -18.755102085939143 1.4476827177932137 0.04788160476164194 -0.20625304285204038 -1.1658652510959655e-05 -1.1658652510959655e-05 -1.1658652510959655e-05 -1.1658652510959655e-05 -1.1658652510959655e-05 
1649076975.7477605 -5.129689834699093 -2.717145270726178 0.0718864441223559 -0.04615869223198388 17.59735167586041 10.303698931063991 -10.130077154295577 -18.639315406828246 1.4642602596286451 0.04853353056387277 -0.2037384719005786 -1.1658652510959655e-05 -1.1658652510959655e-05 -1.1658652510959655e-05 -1.1658652510959655e-05 -1.1658652510959655e-05 
1649076975.7969272 -0.13896498681424418 -0.2710265279310988 0.07139749977068277 1.1624411854427308e-05 16.55541126220487 9.956385459845478 -9.551213607905083 -16.8448663527015 1.4846562240127241 0.04888277652935358 -0.20278386625432177 -1.1658652510959655e-05 -1.1658652510959655e-05 -1.1658652510959655e-05 -1.1658652510959655e-05 -1.1658652510959655e-05 
1649076975.822809 2.813816519752436 4.477740715010441 0.06906919333414407 -0.0289757907303283 16.439624583086697 9.37752191346226 -9.551213607905083 -16.381766202364815 1.4951568860487896 0.048906059593718965 -0.20241133722447557 -1.1658652510959655e-05 -1.1658652510959655e-05 -1.1658652510959655e-05 -1.1658652510959655e-05 -1.1658652510959655e-05 
1649076975.8616767 3.2888143159798346 0.2812244758824818 0.06927874091343256 -0.030791869750828482 15.57132926351187 9.37752191346226 -8.972350061521865 -16.729079673590604 1.5048426408247906 0.04906904104427667 -0.2016429961004178 -1.1658652510959655e-05 -1.1658652510959655e-05 -1.1658652510959655e-05 -1.1658652510959655e-05 -1.1658652510959655e-05 
1649076975.8786228 -2.8924201793051907 -1.4248187828270602 0.06569314900116296 -0.03270108102879021 15.166134094266454 8.509249876944523 -9.551213607905083 -15.629257561900886 1.5103607270793873 0.04916217330173822 -0.2009445041694562 -1.1658652510959655e-05 -1.1658652510959655e-05 -1.1658652510959655e-05 -1.1658652510959655e-05 -1.1658652510959655e-05 
1649076975.9863122 1.9154394810029771 0.8743838237933232 0.0570551321216044 -0.04473842530569527 13.140134964975005 6.772659237780317 -7.698859572694346 -13.19803998030693 1.5396275389939547 0.04925530555919977 -0.19465807679080172 -1.1658652510959655e-05 -1.1658652510959655e-05 -1.1658652510959655e-05 -1.1658652510959655e-05 -1.1658652510959655e-05 
1649076976.0026364 -0.8334289478079882 1.319718996011943 0.05558829906658502 -0.05938347279879963 12.56127141858451 6.714777539760689 -7.525191195549269 -12.561294735889533 1.5441677365452051 0.0490224749155459 -0.19356377276562853 -1.1658652510959655e-05 -1.1658652510959655e-05 -1.1658652510959655e-05 -1.1658652510959655e-05 -1.1658652510959655e-05 
1649076976.0261307 0.5807145328872139 -5.687365792509809 0.054493995041411836 -0.057660526035760995 11.171994250646094 6.251677389424003 -7.062114328284224 -12.21398126467102 1.5471945349127054 0.04899919185118051 -0.1925393179335515 -1.1658652510959655e-05 -1.1658652510959655e-05 -1.1658652510959655e-05 -1.1658652510959655e-05 -1.1658652510959655e-05 
1649076976.0395136 -0.3906549126622849 5.3866416988530545 0.052584783763450105 -0.05135081559274113 10.766799081400677 6.483227464588708 -6.656919159038807 -11.982431189506315 1.5485682357102633 0.04909232410864206 -0.192027090517513 -1.1658652510959655e-05 -1.1658652510959655e-05 -1.1658652510959655e-05 -1.1658652510959655e-05 -1.1658652510959655e-05 
1649076976.108448 0.8792965503744199 -3.1734933323896257 0.04597239347640425 -0.060873588918184396 8.509249876944523 5.3255003718149965 -5.4991920662650955 -10.072195456268673 1.5586265195233864 0.049278588623565156 -0.18690481635712786 -1.1658652510959655e-05 -1.1658652510959655e-05 -1.1658652510959655e-05 -1.1658652510959655e-05 -1.1658652510959655e-05 
1649076976.1335819 3.0074850491873804 -0.8895178498714813 0.04259634914342314 -0.0689062461242429 7.119972709006106 4.746636825431779 -4.28358327546448 -8.625036590303353 1.5600002203209442 0.04986066523269983 -0.18476277443551226 -1.1658652510959655e-05 -1.1658652510959655e-05 -1.1658652510959655e-05 -1.1658652510959655e-05 -1.1658652510959655e-05 
1649076976.1732447 4.429405073380622 0.7677008228492923 0.038195849978365004 -0.09479701370582916 6.309559087450907 3.531028034631163 -4.109914898319403 -6.599014177947538 1.560233050964598 0.0500934958763537 -0.1811073333301465 -1.1658652510959655e-05 -1.1658652510959655e-05 -1.1658652510959655e-05 -1.1658652510959655e-05 -1.1658652510959655e-05 
1649076976.182491 1.4305696654846543 0.003247970358643215 0.035657995962537825 -0.10434307009563781 5.7886005221516825 3.588933015722432 -3.76260142710089 -6.830564253112243 1.5598139558060211 0.050140062005084474 -0.1800595954337041 -1.1658652510959655e-05 -1.1658652510959655e-05 -1.1658652510959655e-05 -1.1658652510959655e-05 -1.1658652510959655e-05 
1649076976.2411876 0.8832546713165357 0.026228354894556105 0.02764862182084471 -0.1312815755736665 3.704696411768964 2.3154425268949126 -2.894306107518787 -5.325523689120018 1.5573226679189247 0.05114123377279611 -0.1741456970848958 -1.1658652510959655e-05 -1.1658652510959655e-05 -1.1658652510959655e-05 -1.1658652510959655e-05 -1.1658652510959655e-05 
1649076976.2563884 1.965917164561688 -0.9499606849785778 0.0232015565270558 -0.15354018511425238 2.894282790213765 2.0260107537033036 -2.257560863108665 -4.573015048656089 1.554808096967463 0.05139734748081537 -0.1711887479032157 -1.1658652510959655e-05 -1.1658652510959655e-05 -1.1658652510959655e-05 -1.1658652510959655e-05 -1.1658652510959655e-05 
1649076976.3134947 1.5521771106941742 -0.26918716584623326 0.008463376776489895 -0.2153101548901759 0.6946152837845148 0.6367335857576109 -0.6367569030626328 -2.604874334327178 1.5448895115405321 0.05270119908527704 -0.15901170524011832 -1.1658652510959655e-05 -1.1658652510959655e-05 -1.1658652510959655e-05 -1.1658652510959655e-05 -1.1658652510959655e-05 
1649076976.3460631 1.3405806216906058 -0.8027418689671322 0.000803248600277584 -0.17258573177241487 -0.5209935070161009 -1.1658652510959655e-05 -0.2894434318441199 -1.1577387514262227 1.535622851923108 0.05344625714496942 -0.15158440770755988 -1.1658652510959655e-05 -1.1658652510959655e-05 -1.1658652510959655e-05 -1.1658652510959655e-05 -1.1658652510959655e-05 
1649076976.3690279 1.4392309654285782 -0.6341957659824402 -0.0011525288064149208 -0.17223648580693407 -0.9261886762615177 -0.2894434318441199 -0.11577505470631877 -0.8683069782346138 1.5328288841992617 0.053585955531161744 -0.14986146094452124 -1.1658652510959655e-05 -1.1658652510959655e-05 -1.1658652510959655e-05 -1.1658652510959655e-05 -1.1658652510959655e-05 
1649076976.3844197 0.7554306479214574 -0.6389687941773445 -0.004342308624472935 -0.16343548746954184 -0.9840703742811456 -0.6946386010895367 -0.231561733817216 0.11575173740129685 1.5270546842366457 0.05367908778862329 -0.14650869967590552 -1.1658652510959655e-05 -1.1658652510959655e-05 -1.1658652510959655e-05 -1.1658652510959655e-05 -1.1658652510959655e-05 
1649076976.4004388 0.5280249582137913 -0.5260924981121207 -0.005902273936953861 -0.1244596377146081 -0.9840703742811456 -0.3473251298710238 -0.2894434318441199 0.4051835105929058 1.5202560294419527 0.053585955531161744 -0.14378458114515524 -1.1658652510959655e-05 -1.1658652510959655e-05 -1.1658652510959655e-05 -1.1658652510959655e-05 -1.1658652510959655e-05 
1649076976.417335 1.1524068954458926 -0.3152876332969754 -0.005948840065684635 -0.09442448467598297 -0.8104252802077099 -0.231561733817216 -0.3473251298710238 0.8682836609295919 1.5164608899431187 0.05351610633806558 -0.14282997550617438 -1.1658652510959655e-05 -1.1658652510959655e-05 -1.1658652510959655e-05 -1.1658652510959655e-05 -1.1658652510959655e-05 
1649076976.4333107 0.3188499079042231 -0.5348934964422369 -0.004202610238280613 -0.012794060989108402 -0.6946386010895367 -0.6946386010895367 0.289420114539098 1.5629106033666176 1.508358383543964 0.0533065587587771 -0.14217804970394354 -1.1658652510959655e-05 -1.1658652510959655e-05 -1.1658652510959655e-05 -1.1658652510959655e-05 -1.1658652510959655e-05 
1649076976.4769585 0.5385256202425808 -0.05370240509364521 0.005157181636604946 0.17815034991508583 -0.5209935070161009 -0.4052068278979277 1.3892655092859059 2.3733242249218165 1.4867982659416157 0.052747765214007813 -0.14767285289417487 -1.1658652510959655e-05 -1.1658652510959655e-05 -1.1658652510959655e-05 -1.1658652510959655e-05 -1.1658652510959655e-05 
1649076976.493481 0.500993320478301 0.3840424881418585 0.010675267891201656 0.22927995926875155 -0.7525202991164406 -0.231561733817216 0.9261653589564958 2.4312059229487204 1.476041490197531 0.052584783763450105 -0.15205006899486762 -1.1658652510959655e-05 -1.1658652510959655e-05 -1.1658652510959655e-05 -1.1658652510959655e-05 -1.1658652510959655e-05 
1649076976.5096571 0.500993320478301 0.3840424881418585 0.010675267891201656 0.22927995926875155 -0.7525202991164406 -0.231561733817216 0.9261653589564958 2.4312059229487204 1.476041490197531 0.052584783763450105 -0.15205006899486762 -1.1658652510959655e-05 -1.1658652510959655e-05 -1.1658652510959655e-05 -1.1658652510959655e-05 -1.1658652510959655e-05 
1649076976.5309367 0.500993320478301 0.3840424881418585 0.010675267891201656 0.22927995926875155 -0.7525202991164406 -0.231561733817216 0.9261653589564958 2.4312059229487204 1.476041490197531 0.052584783763450105 -0.15205006899486762 -1.1658652510959655e-05 -1.1658652510959655e-05 -1.1658652510959655e-05 -1.1658652510959655e-05 -1.1658652510959655e-05 
1649076976.542382 0.500993320478301 0.3840424881418585 0.010675267891201656 0.22927995926875155 -0.7525202991164406 -0.231561733817216 0.9261653589564958 2.4312059229487204 1.476041490197531 0.052584783763450105 -0.15205006899486762 -1.1658652510959655e-05 -1.1658652510959655e-05 -1.1658652510959655e-05 -1.1658652510959655e-05 -1.1658652510959655e-05 
1649076976.5585744 0.500993320478301 0.3840424881418585 0.010675267891201656 0.22927995926875155 -0.7525202991164406 -0.231561733817216 0.9261653589564958 2.4312059229487204 1.476041490197531 0.052584783763450105 -0.15205006899486762 -1.1658652510959655e-05 -1.1658652510959655e-05 -1.1658652510959655e-05 -1.1658652510959655e-05 -1.1658652510959655e-05 
1649076976.5748367 0.500993320478301 0.3840424881418585 0.010675267891201656 0.22927995926875155 -0.7525202991164406 -0.231561733817216 0.9261653589564958 2.4312059229487204 1.476041490197531 0.052584783763450105 -0.15205006899486762 -1.1658652510959655e-05 -1.1658652510959655e-05 -1.1658652510959655e-05 -1.1658652510959655e-05 -1.1658652510959655e-05 
1649076976.6477537 0.753358455192938 -0.3664405257222825 0.01279402674845187 0.0036903485815855674 -3.067974484663864 -2.4891109382806462 1.8523423765582265 3.473146336604259 1.4009070414758753 0.05090840312914224 -0.16525156649004202 -1.1658652510959655e-05 -1.1658652510959655e-05 -1.1658652510959655e-05 -1.1658652510959655e-05 -1.1658652510959655e-05 
1649076976.673376 1.9387458284400054 -1.070264278583636 0.012374931589874905 0.020640419446863234 -4.688778444709897 -4.109914898319403 2.836401092194137 4.978186900596484 1.3716635126256733 0.05025647732691141 -0.1659966245497344 -1.1658652510959655e-05 -1.1658652510959655e-05 -1.1658652510959655e-05 -1.1658652510959655e-05 -1.1658652510959655e-05 
1649076976.7124157 1.7065438274730695 1.3411161321710097 0.011560024337086361 -0.004598422332492191 -5.846505537483608 -4.052033200292499 3.18371456341265 6.0780322953432915 1.348892675669049 0.04993051442579599 -0.16613632293592673 -1.1658652510959655e-05 -1.1658652510959655e-05 -1.1658652510959655e-05 -1.1658652510959655e-05 -1.1658652510959655e-05 
1649076976.7462666 0.5831592546455795 -1.8222606916315272 0.008393527583393734 -0.04038449226936791 -7.293664403448929 -5.151878595046583 4.572991731351067 7.119972709006106 1.326214970969886 0.04969768378214212 -0.16543783100496512 -1.1658652510959655e-05 -1.1658652510959655e-05 -1.1658652510959655e-05 -1.1658652510959655e-05 -1.1658652510959655e-05 
1649076976.8039467 0.9019509720092174 2.2643594836627017 5.8190540585201234e-05 -0.07922064364538528 -10.94046749278641 -5.962268933537416 5.962245616232394 9.956385459845478 1.2754113245173357 0.04953470233158441 -0.15889528991829138 -1.1658652510959655e-05 -1.1658652510959655e-05 -1.1658652510959655e-05 -1.1658652510959655e-05 -1.1658652510959655e-05 
1649076976.8445084 4.215154315039399 1.5001394618229824 -0.0025960787970689125 -0.05668263733241474 -11.692999416314706 -7.351546101475833 7.872504632534401 10.824680779427581 1.2542935851306538 0.04953470233158441 -0.15698607864032965 -1.1658652510959655e-05 -1.1658652510959655e-05 -1.1658652510959655e-05 -1.1658652510959655e-05 -1.1658652510959655e-05 
1649076976.8529468 1.922773646278074 2.15192556582042 -0.0031548723418381996 -0.03952301888784859 -11.92454949147941 -7.583096176640538 6.483227464588708 12.503389720564883 1.24023061425396 0.04934843781666132 -0.1561711713875411 -1.1658652510959655e-05 -1.1658652510959655e-05 -1.1658652510959655e-05 -1.1658652510959655e-05 -1.1658652510959655e-05 
1649076976.8757954 1.2405565771550755 -0.6221817047699005 -0.0027590602476266213 -0.002828909440722782 -11.461449341142725 -8.914468363494962 7.64095455736242 12.850703191783396 1.226447040142375 0.04888277652935358 -0.1560081899369834 -1.1658652510959655e-05 -1.1658652510959655e-05 -1.1658652510959655e-05 -1.1658652510959655e-05 -1.1658652510959655e-05 
1649076976.9021544 3.1000352300616214 3.6260927864568657 0.0007101163428160362 0.0757979989357409 -12.503413037869905 -9.551213607905083 7.409404482197715 14.58727054787596 1.2062140572088538 0.047904887826007325 -0.15756815524946433 -1.1658652510959655e-05 -1.1658652510959655e-05 -1.1658652510959655e-05 -1.1658652510959655e-05 -1.1658652510959655e-05 
1649076976.9249027 -1.3156910601173877 1.8948339690396097 0.0025494784276816063 0.10830115679709706 -13.429590055471635 -9.377545230767282 7.988268028580933 13.024348285856831 1.199485251599981 0.04771862331108423 -0.1586624592746375 -1.1658652510959655e-05 -1.1658652510959655e-05 -1.1658652510959655e-05 -1.1658652510959655e-05 -1.1658652510959655e-05 
1649076976.939502 1.3677053916835575 -3.4368480734920013 0.004109443740162533 0.13735842113237595 -13.661116847579251 -9.377545230767282 8.451344895853254 16.26597948901326 1.1865631508771912 0.047136546701949555 -0.16159612538467627 -1.1658652510959655e-05 -1.1658652510959655e-05 -1.1658652510959655e-05 -1.1658652510959655e-05 -1.1658652510959655e-05 
1649076976.9749887 -1.105817517876858 -0.48232033709064126 0.003853330032143276 0.08431960050074849 -14.587293865180982 -9.666977003958891 8.046149726607837 16.26597948901326 1.1675408872833941 0.04664760234300047 -0.164948886653292 -1.1658652510959655e-05 -1.1658652510959655e-05 -1.1658652510959655e-05 -1.1658652510959655e-05 -1.1658652510959655e-05 
1649076976.9908564 1.0926625522697577 -0.3937981263588881 0.003969745353970211 0.05048930797056528 -14.587293865180982 -10.419508927487186 9.319640215435356 15.397684169431159 1.1554104107490275 0.04618194105569273 -0.16597334148536902 -1.1658652510959655e-05 -1.1658652510959655e-05 -1.1658652510959655e-05 -1.1658652510959655e-05 -1.1658652510959655e-05 
1649076977.024331 -1.6844016674949671 1.415389107511146 0.003876613096508663 0.04657775314990431 -16.092334429173206 -9.898527079123596 9.493308592573158 16.67117465825868 1.1375523003734997 0.04559986444655806 -0.16734704228292685 -1.1658652510959655e-05 -1.1658652510959655e-05 -1.1658652510959655e-05 -1.1658652510959655e-05 -1.1658652510959655e-05 
1649076977.0328898 3.203924263281806 -1.3160635891472339 0.00543657840898959 0.0469502821797505 -16.381766202364815 -10.535272323540994 9.724858667745139 16.67117465825868 1.1262832972206525 0.045390316867269576 -0.16837149711500388 -1.1658652510959655e-05 -1.1658652510959655e-05 -1.1658652510959655e-05 -1.1658652510959655e-05 -1.1658652510959655e-05 
1649076977.0562878 1.0372954251943156 0.40988668959471397 0.005902239696297329 0.05286418053583475 -16.092334429173206 -10.072195456268673 10.303698931063991 16.67117465825868 1.1155265214838437 0.045320467674173415 -0.16948908420454245 -1.1658652510959655e-05 -1.1658652510959655e-05 -1.1658652510959655e-05 -1.1658652510959655e-05 -1.1658652510959655e-05 
1649076977.0983632 -2.593908011011081 -0.9013223635120085 0.005017483250412624 0.014423841254028957 -17.018511446782213 -10.072195456268673 9.782740365772042 16.729056356285582 1.0891700926149497 0.044784957193769515 -0.17097920032392722 -1.1658652510959655e-05 -1.1658652510959655e-05 -1.1658652510959655e-05 -1.1658652510959655e-05 -1.1658652510959655e-05 
1649076977.1238182 1.594948099940666 4.046352098346688 0.004016311482700985 0.015378446893009823 -17.365824918000726 -10.766822398705699 9.956385459845478 17.655233373887313 1.0845134797418723 0.04469182493630797 -0.17111889871011954 -1.1658652510959655e-05 -1.1658652510959655e-05 -1.1658652510959655e-05 -1.1658652510959655e-05 -1.1658652510959655e-05 
1649076977.1309123 -1.1030933993461076 0.535591954132542 0.00336438568047015 0.001990684882912319 -16.8448663527015 -10.593154021560622 9.609071988626965 17.3079199026688 1.0753399523746339 0.04420288058463484 -0.17128188016067725 -1.1658652510959655e-05 -1.1658652510959655e-05 -1.1658652510959655e-05 -1.1658652510959655e-05 -1.1658652510959655e-05 
1649076977.1552641 5.327363016964227 -6.262247934886545 0.003969745353970211 0.008672924355778378 -16.092334429173206 -10.419508927487186 9.609071988626965 17.481588279813877 1.0666088032376138 0.04380706849042326 -0.17130516322504263 -1.1658652510959655e-05 -1.1658652510959655e-05 -1.1658652510959655e-05 -1.1658652510959655e-05 -1.1658652510959655e-05 
1649076977.1714306 0.2606888131049345 4.379323201916122 0.003434234873566311 0.0010593623082968406 -16.902748050728405 -10.072195456268673 10.303698931063991 15.976547715814377 1.0623247193943826 0.043853634619154036 -0.17132844628940802 -1.1658652510959655e-05 -1.1658652510959655e-05 -1.1658652510959655e-05 -1.1658652510959655e-05 -1.1658652510959655e-05 
1649076977.1864645 2.1731364374572877 -3.8982718431943795 0.00597208888939349 0.0432017088169232 -16.323884504345187 -9.9564087771505 9.435426894546254 17.59735167586041 1.0543386283170548 0.04357423784676939 -0.1720967874134658 -1.1658652510959655e-05 -1.1658652510959655e-05 -1.1658652510959655e-05 -1.1658652510959655e-05 -1.1658652510959655e-05 
1649076977.2051623 -3.5856268548232038 2.260168532076932 0.005320163087162655 0.0495579853959498 -16.266002806318284 -9.377545230767282 9.724858667745139 16.26597948901326 1.046468952554278 0.04352767171803862 -0.1730979591884534 -1.1658652510959655e-05 -1.1658652510959655e-05 -1.1658652510959655e-05 -1.1658652510959655e-05 -1.1658652510959655e-05 
1649076977.2693224 -1.1913594963771175 0.6853486241670907 0.0055297106664511375 0.030000211321748793 -15.860784354008501 -9.261781834713474 9.37752191346226 16.208097790986358 1.0239309462485835 0.04345782252494246 -0.17598505916976137 -1.1658652510959655e-05 -1.1658652510959655e-05 -1.1658652510959655e-05 -1.1658652510959655e-05 -1.1658652510959655e-05 
1649076977.3189225 0.07919732634036336 1.3793934899949818 0.0062049195330473594 0.02413287910167128 -14.818843940352963 -8.046173043912859 8.682894971017959 14.58727054787596 1.0107061656817677 0.04383035155478865 -0.17691638174437685 -1.1658652510959655e-05 -1.1658652510959655e-05 -1.1658652510959655e-05 -1.1658652510959655e-05 -1.1658652510959655e-05 
1649076977.327257 -2.0500854765050462 -2.525805047727772 0.005715975181374233 0.027834886335767806 -14.529412167154078 -7.872527949839423 8.567131574971427 14.58727054787596 1.0065384971603635 0.044016616069711745 -0.1773820430316846 -1.1658652510959655e-05 -1.1658652510959655e-05 -1.1658652510959655e-05 -1.1658652510959655e-05 -1.1658652510959655e-05 
1649076977.3599787 -5.746411643754982 0.8662813173941686 0.007206091300758999 0.040803553187288344 -12.96648990513495 -6.599014177947538 8.277699801772542 12.619153116611415 1.0005081834897283 0.04464525880757719 -0.17856947931431932 -1.1658652510959655e-05 -1.1658652510959655e-05 -1.1658652510959655e-05 -1.1658652510959655e-05 -1.1658652510959655e-05 
1649076977.3995233 3.792496847512666 -2.401310502536944 0.009255000964913052 0.08171189729182515 -11.866644510388141 -6.48325078189373 7.930386330554029 11.750857797029312 0.9959912690028432 0.04513420315925032 -0.18061838897847338 -1.1658652510959655e-05 -1.1658652510959655e-05 -1.1658652510959655e-05 -1.1658652510959655e-05 -1.1658652510959655e-05 
1649076977.4358912 3.155006545042852 -2.2270134826540016 0.014307425932202023 0.1274398357127211 -10.072195456268673 -5.7307421414298005 7.235736105052638 11.229875948672998 0.9913579391941312 0.04573956283275038 -0.1850421712078969 -1.1658652510959655e-05 -1.1658652510959655e-05 -1.1658652510959655e-05 -1.1658652510959655e-05 -1.1658652510959655e-05 
1649076977.4427404 -4.6215602378724725 0.6019486875884468 0.015308597699913662 0.14124669288867153 -9.782763683077064 -5.383405387146922 6.193795691397099 10.998349156565382 0.9907991456493619 0.04571627976838499 -0.18643915506982012 -1.1658652510959655e-05 -1.1658652510959655e-05 -1.1658652510959655e-05 -1.1658652510959655e-05 -1.1658652510959655e-05 
1649076977.5070772 1.168681757437298 0.15018738960498013 0.02450540813151747 0.1896056175828562 -8.914468363494962 -4.688778444709897 5.44128705093317 9.319640215435356 0.988820085178304 0.045460166060365736 -0.19500732275628252 -1.1658652510959655e-05 -1.1658652510959655e-05 -1.1658652510959655e-05 -1.1658652510959655e-05 -1.1658652510959655e-05 
1649076977.5397172 1.168681757437298 0.15018738960498013 0.02450540813151747 0.1896056175828562 -8.914468363494962 -4.688778444709897 5.44128705093317 9.319640215435356 0.988820085178304 0.045460166060365736 -0.19500732275628252 -1.1658652510959655e-05 -1.1658652510959655e-05 -1.1658652510959655e-05 -1.1658652510959655e-05 -1.1658652510959655e-05 
1649076977.5601404 1.168681757437298 0.15018738960498013 0.02450540813151747 0.1896056175828562 -8.914468363494962 -4.688778444709897 5.44128705093317 9.319640215435356 0.988820085178304 0.045460166060365736 -0.19500732275628252 -1.1658652510959655e-05 -1.1658652510959655e-05 -1.1658652510959655e-05 -1.1658652510959655e-05 -1.1658652510959655e-05 
1649076977.5887191 1.168681757437298 0.15018738960498013 0.02450540813151747 0.1896056175828562 -8.914468363494962 -4.688778444709897 5.44128705093317 9.319640215435356 0.988820085178304 0.045460166060365736 -0.19500732275628252 -1.1658652510959655e-05 -1.1658652510959655e-05 -1.1658652510959655e-05 -1.1658652510959655e-05 -1.1658652510959655e-05 
1649076977.6280842 1.168681757437298 0.15018738960498013 0.02450540813151747 0.1896056175828562 -8.914468363494962 -4.688778444709897 5.44128705093317 9.319640215435356 0.988820085178304 0.045460166060365736 -0.19500732275628252 -1.1658652510959655e-05 -1.1658652510959655e-05 -1.1658652510959655e-05 -1.1658652510959655e-05 -1.1658652510959655e-05 
1649076977.65416 -1.69690467305918 -0.23780159507441567 0.050140062005084474 0.09116482142417226 -2.3154658441999345 -2.604874334327178 1.9102240745851304 3.762578109795868 0.9763403626711806 0.042945595108903944 -0.22851165238535032 -1.1658652510959655e-05 -1.1658652510959655e-05 -1.1658652510959655e-05 -1.1658652510959655e-05 -1.1658652510959655e-05 
1649076977.6774461 -0.7828581319918158 -0.2969871446985053 0.05100153538660379 0.08692730370967183 -1.7944839958363445 -2.546992636300274 1.4471472073128098 3.2995012425235473 0.9792973118455848 0.04268948140088469 -0.22937312576686963 -1.1658652510959655e-05 -1.1658652510959655e-05 -1.1658652510959655e-05 -1.1658652510959655e-05 -1.1658652510959655e-05 
1649076977.6933146 -0.548979750390572 -0.5138223231842858 0.051513762802642304 0.07502965781168314 -1.0419520723080495 -2.257560863108665 -0.11577505470631877 2.6627559981134254 0.9856768714817008 0.04196770640555769 -0.23095637414371595 -1.1658652510959655e-05 -1.1658652510959655e-05 -1.1658652510959655e-05 -1.1658652510959655e-05 -1.1658652510959655e-05 
1649076977.7085056 -0.2438086256806855 -0.5121226594856125 0.0511645168371615 0.053888635367911775 -0.5788752050357289 -1.8523656938632485 -0.3473251298710238 1.9681057726120343 0.9924755262836698 0.041176082217134535 -0.23216709349071607 -1.1658652510959655e-05 -1.1658652510959655e-05 -1.1658652510959655e-05 -1.1658652510959655e-05 -1.1658652510959655e-05 
1649076977.7238464 -0.3224588171215146 0.19512370383745292 0.05153704586700769 0.047532358796161134 -0.057893356679414865 -1.6208156186985434 -0.5788752050357289 1.5629106033666176 0.9961775335177663 0.040803553187288344 -0.2326327547780238 -1.1658652510959655e-05 -1.1658652510959655e-05 -1.1658652510959655e-05 -1.1658652510959655e-05 -1.1658652510959655e-05 
1649076977.7432609 -0.8873758079498657 0.7575494067787076 0.05363252165989252 0.06522748771385523 0.6367335857576109 -0.7525202991164406 -0.3473251298710238 0.9840470569761237 1.0041403415307286 0.04022147657815367 -0.23379690799629316 -1.1658652510959655e-05 -1.1658652510959655e-05 -1.1658652510959655e-05 -1.1658652510959655e-05 -1.1658652510959655e-05 
1649076977.7608016 -0.8574337871687021 0.485347101224761 0.05698528292850824 0.11770751480798936 0.9840470569761237 0.11575173740129685 -0.17368003579758806 0.289420114539098 1.0126153769597295 0.03984894754830748 -0.23586910073208855 -1.1658652510959655e-05 -1.1658652510959655e-05 -1.1658652510959655e-05 -1.1658652510959655e-05 -1.1658652510959655e-05 
1649076977.76865 -0.010558886810031254 0.7111928256199462 0.05882464501337381 0.14234099691384472 1.2155971321481047 0.6946152837845148 -0.057893356679414865 -1.1658652510959655e-05 1.017155574518256 0.03977909835521132 -0.23728936765837716 -1.1658652510959655e-05 -1.1658652510959655e-05 -1.1658652510959655e-05 -1.1658652510959655e-05 -1.1658652510959655e-05 
1649076977.784881 -0.09458746612654068 0.25135230429441435 0.06261978450493189 0.18280696278816322 1.6207923013935215 1.0419287550030276 0.057870039374392945 -0.6367569030626328 1.026911178487353 0.039732532226480544 -0.2407818273131852 -1.1658652510959655e-05 -1.1658652510959655e-05 -1.1658652510959655e-05 -1.1658652510959655e-05 -1.1658652510959655e-05 
1649076977.805969 0.05279433134273859 -0.3359164283319842 0.06513435545639368 0.17933778619772056 1.3892655092859059 1.4471472073128098 -1.1658652510959655e-05 -1.0998570533993188 1.0373419913230464 0.03991879674140364 -0.24448383454728173 -1.1658652510959655e-05 -1.1658652510959655e-05 -1.1658652510959655e-05 -1.1658652510959655e-05 -1.1658652510959655e-05 
1649076977.8226607 0.3533321262366371 -0.2448796466414933 0.06490152481273981 0.15887197261326946 1.5050289053397137 1.7365789805044187 -0.231561733817216 -1.5050522226447356 1.042860077577643 0.04008177819196135 -0.24606708292412804 -1.1658652510959655e-05 -1.1658652510959655e-05 -1.1658652510959655e-05 -1.1658652510959655e-05 -1.1658652510959655e-05 
1649076977.838842 -0.23742906604456948 0.07654305699543329 0.06422631594614359 0.08476197872369085 1.3892655092859059 1.6207923013935215 -0.8104252802077099 -2.257560863108665 1.0544550436388818 0.040407741093076766 -0.24823240791010903 -1.1658652510959655e-05 -1.1658652510959655e-05 -1.1658652510959655e-05 -1.1658652510959655e-05 -1.1658652510959655e-05 
1649076977.923743 0.44842016112670535 -0.08960489035234787 0.05356267246679636 -0.0786385670362506 2.894282790213765 2.604851017022156 -2.1417974670548574 -3.994151502272871 1.1008349078620085 0.04173487576190382 -0.24359907810139703 -1.1658652510959655e-05 -1.1658652510959655e-05 -1.1658652510959655e-05 -1.1658652510959655e-05 -1.1658652510959655e-05 
1649076977.973941 0.009580963866028469 0.18858116275077919 0.04725296202377649 -0.09670622498379089 5.093973579714657 3.473146336604259 -2.604874334327178 -5.962268933537416 1.1357362213529996 0.04268948140088469 -0.2388260499064927 -1.1658652510959655e-05 -1.1658652510959655e-05 -1.1658652510959655e-05 -1.1658652510959655e-05 -1.1658652510959655e-05 
1649076977.9887207 -0.42648754873516737 -0.6675138310965849 0.048300699920218904 -0.0446918591769645 5.7886005221516825 4.109891581014381 -2.9522110886100563 -6.425369083866826 1.1508003640046809 0.04303872736636549 -0.23761533055949258 -1.1658652510959655e-05 -1.1658652510959655e-05 -1.1658652510959655e-05 -1.1658652510959655e-05 -1.1658652510959655e-05 
1649076978.0201275 0.8515431376436027 0.900367723632371 0.04906904104427667 0.03260791453067213 7.988268028580933 4.978186900596484 -3.646838031054358 -7.467309497529641 1.1731521057954524 0.043620803975500166 -0.23803442571806954 -1.1658652510959655e-05 -1.1658652510959655e-05 -1.1658652510959655e-05 -1.1658652510959655e-05 -1.1658652510959655e-05 
1649076978.0301135 -2.4462700998337823 0.18576391196256736 0.049208739430468995 0.03644962015096098 8.451344895853254 5.7886005221516825 -4.920328519874602 -9.088113457568397 1.1879135686103837 0.04369065316859633 -0.2388027668421273 -1.1658652510959655e-05 -1.1658652510959655e-05 -1.1658652510959655e-05 -1.1658652510959655e-05 -1.1658652510959655e-05 
1649076978.0526152 -1.2576230975755607 -0.6942195059309597 0.04885949346498819 0.015820825123228133 8.567131574971427 6.193795691397099 -4.109914898319403 -9.840645381096692 1.195271016949846 0.044016616069711745 -0.23896574829268502 -1.1658652510959655e-05 -1.1658652510959655e-05 -1.1658652510959655e-05 -1.1658652510959655e-05 -1.1658652510959655e-05 
1649076978.0688684 1.7446349207821186 0.8332892151811393 0.04746250960306497 -0.006880162640300114 9.030208442243747 6.830540935807221 -5.672837160338531 -10.303722248369013 1.209962630571681 0.044552126550115645 -0.2389890313570504 -1.1658652510959655e-05 -1.1658652510959655e-05 -1.1658652510959655e-05 -1.1658652510959655e-05 -1.1658652510959655e-05 
1649076978.1119466 -3.219430818397086 -0.9040464820427587 0.040477590286172926 -0.09814977497444488 10.535249006235972 7.756717953416228 -6.0201739146214095 -12.561294735889533 1.2456788513154606 0.04620522412005812 -0.23533359025168465 -1.1658652510959655e-05 -1.1658652510959655e-05 -1.1658652510959655e-05 -1.1658652510959655e-05 -1.1658652510959655e-05 
1649076978.1519523 0.9024399163608905 -1.282978354676743 0.04122264834586531 -0.02927847056707833 11.519307721864607 8.161913122661645 -6.772682555085339 -12.619176433916437 1.267122553595982 0.04718311283068033 -0.23365720961010084 -1.1658652510959655e-05 -1.1658652510959655e-05 -1.1658652510959655e-05 -1.1658652510959655e-05 -1.1658652510959655e-05 
1649076978.160886 1.9099213947483804 1.380674058535078 0.04050087335053831 0.006600731627258938 12.619153116611415 8.219818103752914 -7.293664403448929 -13.834785224717052 1.2808595615788363 0.04757892492489191 -0.23358736041700467 -1.1658652510959655e-05 -1.1658652510959655e-05 -1.1658652510959655e-05 -1.1658652510959655e-05 -1.1658652510959655e-05 
1649076978.1857083 -3.972870781435631 -2.3114844401934533 0.041641743504442275 0.031210930668748915 13.024348285856831 8.682894971017959 -7.409427799502737 -14.297862091989373 1.2876116502447985 0.047835038632911164 -0.2339133233181201 -1.1658652510959655e-05 -1.1658652510959655e-05 -1.1658652510959655e-05 -1.1658652510959655e-05 -1.1658652510959655e-05 
1649076978.214462 4.451989645815047 -1.9557890657961252 0.040943251573480666 0.0314204782480374 13.66109353027423 9.030208442243747 -8.046173043912859 -14.182098695935565 1.3142241928217118 0.048673228950065095 -0.23512404267239617 -1.1658652510959655e-05 -1.1658652510959655e-05 -1.1658652510959655e-05 -1.1658652510959655e-05 -1.1658652510959655e-05 
1649076978.2306042 -3.249279706920788 1.7004436646020622 0.04029132577124983 -0.008789373918261845 14.876702321067569 9.84062206379167 -8.277723119077564 -15.802902655981597 1.3204873371360009 0.048906059593718965 -0.23503091041493462 -1.1658652510959655e-05 -1.1658652510959655e-05 -1.1658652510959655e-05 -1.1658652510959655e-05 -1.1658652510959655e-05 
1649076978.2590246 1.1685653421154711 1.81681242032937 0.038265699171461165 -0.023876799634308554 15.050370698212646 10.535249006235972 -8.856586665468058 -15.91868933509977 1.3451906684349524 0.050279760391276795 -0.23479807977128075 -1.1658652510959655e-05 -1.1658652510959655e-05 -1.1658652510959655e-05 -1.1658652510959655e-05 -1.1658652510959655e-05 
1649076978.35038 3.5065808170402306 -0.9591109292814508 0.03386520000640303 -0.03221213667711709 15.397684169431159 9.261758517408452 -9.261781834713474 -16.20812110829138 1.391384268143156 0.05037289264873834 -0.23221365961944684 -1.1658652510959655e-05 -1.1658652510959655e-05 -1.1658652510959655e-05 -1.1658652510959655e-05 -1.1658652510959655e-05 
1649076978.4297016 -3.852869867667323 5.051877799327485 0.027322658919729292 -0.05256153493974125 16.381742885059793 9.203876819381549 -9.72488198505016 -15.68713925992779 1.427240187280404 0.05011677894071909 -0.22974565479671583 -1.1658652510959655e-05 -1.1658652510959655e-05 -1.1658652510959655e-05 -1.1658652510959655e-05 -1.1658652510959655e-05 
1649076978.4550223 1.2610689568609814 -0.6099115298420656 0.026973412954248488 -0.025460048011154868 15.397684169431159 8.39346319782635 -9.435450211851276 -15.108275713544572 1.441861951701867 0.04976753297523828 -0.22806927416240796 -1.1658652510959655e-05 -1.1658652510959655e-05 -1.1658652510959655e-05 -1.1658652510959655e-05 -1.1658652510959655e-05 
1649076978.5040977 -1.286098285301705 -0.43130714305880247 0.02618178876582533 -0.0268337488087127 15.10825239623955 8.740776669044863 -9.551213607905083 -15.455589184763085 1.4489400032689446 0.04962783458904596 -0.22776659432565793 -1.1658652510959655e-05 -1.1658652510959655e-05 -1.1658652510959655e-05 -1.1658652510959655e-05 -1.1658652510959655e-05 
1649076978.5453238 -1.286098285301705 -0.43130714305880247 0.02618178876582533 -0.0268337488087127 15.10825239623955 8.740776669044863 -9.551213607905083 -15.455589184763085 1.4489400032689446 0.04962783458904596 -0.22776659432565793 -1.1658652510959655e-05 -1.1658652510959655e-05 -1.1658652510959655e-05 -1.1658652510959655e-05 -1.1658652510959655e-05 
1649076978.5598676 -1.286098285301705 -0.43130714305880247 0.02618178876582533 -0.0268337488087127 15.10825239623955 8.740776669044863 -9.551213607905083 -15.455589184763085 1.4489400032689446 0.04962783458904596 -0.22776659432565793 -1.1658652510959655e-05 -1.1658652510959655e-05 -1.1658652510959655e-05 -1.1658652510959655e-05 -1.1658652510959655e-05 
1649076978.592486 -1.286098285301705 -0.43130714305880247 0.02618178876582533 -0.0268337488087127 15.10825239623955 8.740776669044863 -9.551213607905083 -15.455589184763085 1.4489400032689446 0.04962783458904596 -0.22776659432565793 -1.1658652510959655e-05 -1.1658652510959655e-05 -1.1658652510959655e-05 -1.1658652510959655e-05 -1.1658652510959655e-05 
1649076978.6027057 -1.286098285301705 -0.43130714305880247 0.02618178876582533 -0.0268337488087127 15.10825239623955 8.740776669044863 -9.551213607905083 -15.455589184763085 1.4489400032689446 0.04962783458904596 -0.22776659432565793 -1.1658652510959655e-05 -1.1658652510959655e-05 -1.1658652510959655e-05 -1.1658652510959655e-05 -1.1658652510959655e-05 
1649076978.6394656 0.622903445524571 -0.964838563115336 0.022083969437517226 0.028067716979421675 12.445484739473613 8.567131574971427 -7.409427799502737 -14.124216997908661 1.5029567126111942 0.05065228942112299 -0.2256944015971385 -1.1658652510959655e-05 -1.1658652510959655e-05 -1.1658652510959655e-05 -1.1658652510959655e-05 -1.1658652510959655e-05 
1649076978.6511161 -0.015448330326762516 7.088610421298654 0.02166487427894026 0.031280779861845076 12.619153116611415 7.756717953416228 -6.541132479920634 -12.561294735889533 1.5027471650319058 0.050815270871680696 -0.22599708143388852 -1.1658652510959655e-05 -1.1658652510959655e-05 -1.1658652510959655e-05 -1.1658652510959655e-05 -1.1658652510959655e-05 
1649076978.6748638 1.770711952878628 -2.933724335503939 0.02390004845801741 0.06625194254593225 12.619153116611415 6.656895841733785 -6.888445951139147 -12.387626358751731 1.5017692763285595 0.0506290063567576 -0.22716123465215787 -1.1658652510959655e-05 -1.1658652510959655e-05 -1.1658652510959655e-05 -1.1658652510959655e-05 -1.1658652510959655e-05 
1649076978.69144 2.3697619160739123 -0.3179884687633603 0.025366881513036788 0.08457571420876775 11.229875948672998 7.64095455736242 -6.135937310675217 -11.750881114334334 1.49969708360004 0.05102481845096918 -0.2287211999646388 -1.1658652510959655e-05 -1.1658652510959655e-05 -1.1658652510959655e-05 -1.1658652510959655e-05 -1.1658652510959655e-05 
1649076978.700152 1.7266371120203985 1.57117609121633 0.025902391993440688 0.09514622543065343 10.824680779427581 6.541109162615612 -5.7307421414298005 -10.245840550342109 1.4986027795748669 0.05109466764406534 -0.22967580560361966 -1.1658652510959655e-05 -1.1658652510959655e-05 -1.1658652510959655e-05 -1.1658652510959655e-05 -1.1658652510959655e-05 
1649076978.7896821 5.7532801135021145 -0.3696070224759751 0.02965096535626799 0.04583269509021193 7.235736105052638 3.994128184967849 -3.76260142710089 -7.00423263025732 1.4835386369231855 0.05160689506010385 -0.23724280152964639 -1.1658652510959655e-05 -1.1658652510959655e-05 -1.1658652510959655e-05 -1.1658652510959655e-05 -1.1658652510959655e-05 
1649076978.7982264 1.7010257412111969 -0.5876994864374865 0.029208587133325636 0.024714955710805953 7.814599651443132 4.225678260132554 -3.936269804245967 -7.640977874667442 1.4804187062982237 0.05160689506010385 -0.23749891523766564 -1.1658652510959655e-05 -1.1658652510959655e-05 -1.1658652510959655e-05 -1.1658652510959655e-05 -1.1658652510959655e-05 
1649076978.8215754 1.3246084395286744 2.4045468142430764 0.028207415365613997 0.012095534817490261 5.5570504469869775 3.936246486940945 -3.8204831251277938 -6.425369083866826 1.4732940886024153 0.051886291832488496 -0.23789472733187722 -1.1658652510959655e-05 -1.1658652510959655e-05 -1.1658652510959655e-05 -1.1658652510959655e-05 -1.1658652510959655e-05 
1649076978.837938 1.5477300453931093 -0.11943049581168452 0.026670733117498457 -0.012002436800685246 5.730718824124779 3.646814713749336 -3.183737880717672 -5.7886238394567044 1.4696386474970495 0.05195614102558466 -0.23777831201005029 -1.1658652510959655e-05 -1.1658652510959655e-05 -1.1658652510959655e-05 -1.1658652510959655e-05 -1.1658652510959655e-05 
1649076978.8519163 3.2631563790419023 0.37943244139751187 0.025902391993440688 -0.032677797964424826 5.151855277741561 3.357382940550451 -3.067974484663864 -6.0201739146214095 1.461908670127741 0.052188971669238526 -0.237219518465281 -1.1658652510959655e-05 -1.1658652510959655e-05 -1.1658652510959655e-05 -1.1658652510959655e-05 -1.1658652510959655e-05 
1649076978.8634531 0.7269787432596786 -0.01724112629017327 0.024086312972940505 -0.04355098902306054 4.862423504542676 3.531028034631163 -2.9522110886100563 -5.962268933537416 1.4528049919535988 0.05246836844162317 -0.2363114789550309 -1.1658652510959655e-05 -1.1658652510959655e-05 -1.1658652510959655e-05 -1.1658652510959655e-05 -1.1658652510959655e-05 
1649076978.8849492 0.41584715407225303 -0.48378717014566064 0.023387821041978896 -0.039197055986733176 4.399323354213266 3.067951167358842 -2.778542711472255 -5.7886238394567044 1.447822416179406 0.052654632956546266 -0.23593894992518472 -1.1658652510959655e-05 -1.1658652510959655e-05 -1.1658652510959655e-05 -1.1658652510959655e-05 -1.1658652510959655e-05 
1649076978.9049504 1.636228973067773 -0.12436650545714656 0.021851138793863356 -0.05179319381568348 2.3154425268949126 2.6627559981134254 -1.6786973167254473 -2.9522110886100563 1.4382065105965012 0.05298059585766168 -0.23500762735056924 -1.1658652510959655e-05 -1.1658652510959655e-05 -1.1658652510959655e-05 -1.1658652510959655e-05 -1.1658652510959655e-05 
1649076978.9127872 4.920538033213234 -0.4573841751553118 0.020151475095190108 -0.05179319381568348 1.5050289053397137 1.9681057726120343 -1.0998570533993188 -3.0100927866369602 1.4281016606619232 0.05337640795187326 -0.23393660638248548 -1.1658652510959655e-05 -1.1658652510959655e-05 -1.1658652510959655e-05 -1.1658652510959655e-05 -1.1658652510959655e-05 
1649076978.9373345 1.5736906621677917 0.354589411712368 0.019848795258440077 -0.05342300832126057 1.0419287550030276 1.2734788301750086 -1.0419520723080495 -1.9681290899170563 1.4227698389149737 0.05351610633806558 -0.23340109590208158 -1.1658652510959655e-05 -1.1658652510959655e-05 -1.1658652510959655e-05 -1.1658652510959655e-05 -1.1658652510959655e-05 
1649076978.9451742 2.869789006501378 -0.5537527785854763 0.01721780898515135 -0.0644358977660886 -0.2894434318441199 0.289420114539098 -0.11577505470631877 -0.5788752050357289 1.4117336664057802 0.05367908778862329 -0.23219037655508146 -1.1658652510959655e-05 -1.1658652510959655e-05 -1.1658652510959655e-05 -1.1658652510959655e-05 -1.1658652510959655e-05 
1649076978.9660323 2.166710311692441 -0.641343666742614 0.015704409801401198 -0.06611227840039646 -1.3313838455069344 -0.463111808989197 0.6946152837845148 0.520970189711079 1.4006974938965868 0.053958484561007936 -0.23090980801498517 -1.1658652510959655e-05 -1.1658652510959655e-05 -1.1658652510959655e-05 -1.1658652510959655e-05 -1.1658652510959655e-05 
1649076978.9844027 1.574552135549311 -0.562879739816708 0.015075767056259792 -0.06469201147410786 -1.5629339206716395 -1.1577387514262227 0.6367335857576109 0.9840470569761237 1.3949698600627016 0.05398176762537332 -0.23028116527711973 -1.1658652510959655e-05 -1.1658652510959655e-05 -1.1658652510959655e-05 -1.1658652510959655e-05 -1.1658652510959655e-05 
1649076979.0189528 1.3215583580968087 -0.6132642911179573 0.012235233203682583 -0.0497908502802602 -3.067974484663864 -2.1996791650817613 1.5050289053397137 2.7785193941672333 1.3715936634325772 0.054028333754104096 -0.22785972658311948 -1.1658652510959655e-05 -1.1658652510959655e-05 -1.1658652510959655e-05 -1.1658652510959655e-05 -1.1658652510959655e-05 
1649076979.0269022 0.7143826054380042 -0.4102359698008513 0.012700894490990322 -0.030302925399155356 -3.183737880717672 -2.0260340710083256 1.7365789805044187 3.125832865385746 1.3651675376677304 0.05398176762537332 -0.22755704674636945 -1.1658652510959655e-05 -1.1658652510959655e-05 -1.1658652510959655e-05 -1.1658652510959655e-05 -1.1658652510959655e-05 
1649076979.0478733 1.2922216969891451 -0.5191774279956007 0.01179285498074023 0.005459861473354977 -4.225701577437576 -2.7206610134453513 2.1417741497498355 4.16779656210565 1.3520358893583762 0.053888635367911775 -0.22758032981073484 -1.1658652510959655e-05 -1.1658652510959655e-05 -1.1658652510959655e-05 -1.1658652510959655e-05 -1.1658652510959655e-05 
1649076979.0597174 1.802120806714811 -0.630936136971286 0.00995349289587466 -0.008533260210242588 -4.688778444709897 -3.415287955882377 3.18371456341265 4.341441656186362 1.3386015612195479 0.05386535230354639 -0.2274871975532733 -1.1658652510959655e-05 -1.1658652510959655e-05 -1.1658652510959655e-05 -1.1658652510959655e-05 -1.1658652510959655e-05 
1649076979.0808134 1.738697739368945 -0.6044632927805651 0.00941798241547076 -0.024552008500904776 -5.325523689120018 -3.183737880717672 3.2416195445039193 4.862423504542676 1.3317097741673933 0.05391191843227716 -0.22725436690961942 -1.1658652510959655e-05 -1.1658652510959655e-05 -1.1658652510959655e-05 -1.1658652510959655e-05 -1.1658652510959655e-05 
1649076979.0972955 2.345244849289884 0.061176234514277894 0.00788130016735522 -0.0428990632208297 -5.441310368238192 -3.8204831251277938 3.646814713749336 5.093973579714657 1.3173906895754044 0.05398176762537332 -0.22636961046373472 -1.1658652510959655e-05 -1.1658652510959655e-05 -1.1658652510959655e-05 -1.1658652510959655e-05 -1.1658652510959655e-05 
1649076979.1086118 0.6806221621009172 0.21493759161967319 0.007927866296085995 -0.031839607647270896 -5.962268933537416 -4.515133350629185 3.2416195445039193 6.020150597316388 1.3101263734934037 0.05386535230354639 -0.2260436475626193 -1.1658652510959655e-05 -1.1658652510959655e-05 -1.1658652510959655e-05 -1.1658652510959655e-05 -1.1658652510959655e-05 
1649076979.181181 3.779784294369165 0.8564325811603339 0.004458689705643337 -0.04005852936825249 -8.277723119077564 -5.904387235510512 5.730718824124779 8.682894971017959 1.260626578638039 0.05363252165989252 -0.22439054999267682 -1.1658652510959655e-05 -1.1658652510959655e-05 -1.1658652510959655e-05 -1.1658652510959655e-05 -1.1658652510959655e-05 
1649076979.2556658 0.8115428330565919 0.09326029721705709 -0.0037602320153382607 -0.07232885658595478 -11.982431189506315 -7.698859572694346 6.598990860642516 11.750857797029312 1.20423499673052 0.053190143436950166 -0.21933812502538785 -1.1658652510959655e-05 -1.1658652510959655e-05 -1.1658652510959655e-05 -1.1658652510959655e-05 -1.1658652510959655e-05 
1649076979.295217 0.5652312950769556 -2.5972142061509658 -0.0014552086431649514 0.02075683476869017 -12.040312887533219 -8.567154892276449 7.525167878244247 13.718975228293857 1.176085771912767 0.05239851924852701 -0.2185232177725993 -1.1658652510959655e-05 -1.1658652510959655e-05 -1.1658652510959655e-05 -1.1658652510959655e-05 -1.1658652510959655e-05 
1649076979.3445845 -3.02385307768418 -1.9486411650359514 -0.0019674360592034645 0.022526347660459578 -13.776903526690148 -9.20390013668657 7.988268028580933 15.224015792286082 1.1428375559917185 0.05160689506010385 -0.22008318308508024 -1.1658652510959655e-05 -1.1658652510959655e-05 -1.1658652510959655e-05 -1.1658652510959655e-05 -1.1658652510959655e-05 
1649076979.3537502 -0.5943817259103525 -0.56690770995192 -0.0017578884799149819 0.050349609584372956 -14.355767073080642 -9.609095305931987 8.509249876944523 16.03442941384128 1.1365976947345189 0.05130421522335382 -0.22059541050111875 -1.1658652510959655e-05 -1.1658652510959655e-05 -1.1658652510959655e-05 -1.1658652510959655e-05 -1.1658652510959655e-05 
1649076979.4102952 3.042968439287506 -0.36627754427172476 0.005715975181374233 0.1361942679141066 -14.760962242326059 -9.666977003958891 9.956385459845478 16.26597948901326 1.1056545021856437 0.04983738216833444 -0.22527530643856153 -1.1658652510959655e-05 -1.1658652510959655e-05 -1.1658652510959655e-05 -1.1658652510959655e-05 -1.1658652510959655e-05 
1649076979.4422865 -2.8142589322160347 -2.442637941792782 0.010163040475163143 0.16017582421773113 -15.281944090682373 -10.187958852322481 9.261758517408452 17.3079199026688 1.0893563571298728 0.04939500394539209 -0.23046742979204282 -1.1658652510959655e-05 -1.1658652510959655e-05 -1.1658652510959655e-05 -1.1658652510959655e-05 -1.1658652510959655e-05 
1649076979.4606185 5.43739877918415 -2.7657370260640164 0.013306254164490383 0.16599659030907787 -14.529412167154078 -10.593154021560622 9.782740365772042 16.381742885059793 1.0789488273512688 0.048906059593718965 -0.23379690799629316 -1.1658652510959655e-05 -1.1658652510959655e-05 -1.1658652510959655e-05 -1.1658652510959655e-05 -1.1658652510959655e-05 
1649076979.4682214 -5.716818868939299 -0.5422276617173338 0.015378446893009823 0.15759140407317318 -15.108275713544572 -10.303722248369013 9.203876819381549 17.59735167586041 1.068843977416691 0.048370549113315064 -0.23689355556416558 -1.1658652510959655e-05 -1.1658652510959655e-05 -1.1658652510959655e-05 -1.1658652510959655e-05 -1.1658652510959655e-05 
1649076979.4845703 -5.716818868939299 -0.5422276617173338 0.015378446893009823 0.15759140407317318 -15.108275713544572 -10.303722248369013 9.203876819381549 17.59735167586041 1.068843977416691 0.048370549113315064 -0.23689355556416558 -1.1658652510959655e-05 -1.1658652510959655e-05 -1.1658652510959655e-05 -1.1658652510959655e-05 -1.1658652510959655e-05 
1649076979.5007942 -5.716818868939299 -0.5422276617173338 0.015378446893009823 0.15759140407317318 -15.108275713544572 -10.303722248369013 9.203876819381549 17.59735167586041 1.068843977416691 0.048370549113315064 -0.23689355556416558 -1.1658652510959655e-05 -1.1658652510959655e-05 -1.1658652510959655e-05 -1.1658652510959655e-05 -1.1658652510959655e-05 
1649076979.5228019 -5.716818868939299 -0.5422276617173338 0.015378446893009823 0.15759140407317318 -15.108275713544572 -10.303722248369013 9.203876819381549 17.59735167586041 1.068843977416691 0.048370549113315064 -0.23689355556416558 -1.1658652510959655e-05 -1.1658652510959655e-05 -1.1658652510959655e-05 -1.1658652510959655e-05 -1.1658652510959655e-05 
1649076979.5499966 -5.716818868939299 -0.5422276617173338 0.015378446893009823 0.15759140407317318 -15.108275713544572 -10.303722248369013 9.203876819381549 17.59735167586041 1.068843977416691 0.048370549113315064 -0.23689355556416558 -1.1658652510959655e-05 -1.1658652510959655e-05 -1.1658652510959655e-05 -1.1658652510959655e-05 -1.1658652510959655e-05 
1649076979.566293 -5.716818868939299 -0.5422276617173338 0.015378446893009823 0.15759140407317318 -15.108275713544572 -10.303722248369013 9.203876819381549 17.59735167586041 1.068843977416691 0.048370549113315064 -0.23689355556416558 -1.1658652510959655e-05 -1.1658652510959655e-05 -1.1658652510959655e-05 -1.1658652510959655e-05 -1.1658652510959655e-05 
1649076979.5826151 -5.716818868939299 -0.5422276617173338 0.015378446893009823 0.15759140407317318 -15.108275713544572 -10.303722248369013 9.203876819381549 17.59735167586041 1.068843977416691 0.048370549113315064 -0.23689355556416558 -1.1658652510959655e-05 -1.1658652510959655e-05 -1.1658652510959655e-05 -1.1658652510959655e-05 -1.1658652510959655e-05 
1649076979.6154642 3.156566510355333 0.9033945219998714 0.02464510651770979 0.04557658138219267 -16.613316277536796 -9.319663532740378 9.84062206379167 16.26597948901326 1.0006013157471898 0.04564643057528883 -0.2538669094865327 -1.1658652510959655e-05 -1.1658652510959655e-05 -1.1658652510959655e-05 -1.1658652510959655e-05 -1.1658652510959655e-05 
1649076979.6480837 1.0951305570924887 2.1677580495888833 0.023923331522382796 0.02296872588340193 -14.818843940352963 -7.814622968748154 8.567131574971427 13.66109353027423 0.9954091923937085 0.04571627976838499 -0.254728382868052 -1.1658652510959655e-05 -1.1658652510959655e-05 -1.1658652510959655e-05 -1.1658652510959655e-05 -1.1658652510959655e-05 
1649076979.664454 1.752900408631831 -4.369963444281893 0.02611193957272917 0.047904887826007325 -14.355767073080642 -7.75674127072125 8.161913122661645 14.934584019094473 0.9929179045066121 0.04590254428330809 -0.25554329012084054 -1.1658652510959655e-05 -1.1658652510959655e-05 -1.1658652510959655e-05 -1.1658652510959655e-05 -1.1658652510959655e-05 
1649076979.7048767 3.471935617257259 -5.411531328907586 0.026973412954248488 0.06799817237333627 -12.908608207108045 -7.23575942235766 7.698836255389324 13.198016663001908 0.9914743545159581 0.04634492250625044 -0.2572196707551484 -1.1658652510959655e-05 -1.1658652510959655e-05 -1.1658652510959655e-05 -1.1658652510959655e-05 -1.1658652510959655e-05 
1649076979.721021 -5.714327581052203 1.2565054762453656 0.02781160327140242 0.0636675224013743 -13.661116847579251 -6.599014177947538 8.798681650136132 12.271839645392902 0.9910785424217465 0.0466010362142697 -0.2585002392952447 -1.1658652510959655e-05 -1.1658652510959655e-05 -1.1658652510959655e-05 -1.1658652510959655e-05 -1.1658652510959655e-05 
1649076979.7364495 2.446572745429876 1.1475407349935267 0.02857994439546019 0.06981425139383646 -13.255921678333834 -6.135937310675217 8.798681650136132 11.86662119308312 0.9913812222584966 0.04702013138012262 -0.2591987312262063 -1.1658652510959655e-05 -1.1658652510959655e-05 -1.1658652510959655e-05 -1.1658652510959655e-05 -1.1658652510959655e-05 
1649076979.7523758 -1.931109017568815 -0.752124487022229 0.02841696294490248 0.06229382160381647 -11.287804247069289 -5.7886238394567044 7.467286180224619 11.171994250646094 0.9924755262836698 0.047532358796161134 -0.2604792997663026 -1.1658652510959655e-05 -1.1658652510959655e-05 -1.1658652510959655e-05 -1.1658652510959655e-05 -1.1658652510959655e-05 
1649076979.8020892 -5.409505702307797 -2.2895983596827136 0.030908250831998885 0.06413318368868204 -9.72488198505016 -4.225701577437576 6.425345766561804 9.319640215435356 0.9974348189934972 0.04876636120752664 -0.26355266426253365 -1.1658652510959655e-05 -1.1658652510959655e-05 -1.1658652510959655e-05 -1.1658652510959655e-05 -1.1658652510959655e-05 
1649076979.8528156 -0.6561516956862761 -1.2221629905398004 0.03470339032355696 0.09428475204913411 -8.567154892276449 -3.936269804245967 5.267618673788093 7.64095455736242 1.006142685066152 0.05000036361889215 -0.2676970497268485 -1.1658652510959655e-05 -1.1658652510959655e-05 -1.1658652510959655e-05 -1.1658652510959655e-05 -1.1658652510959655e-05 
1649076979.860776 3.7586432719181175 2.7413596234327997 0.03523890080396086 0.08576315049140248 -8.104054741939763 -3.588956333027454 5.5570504469869775 8.161913122661645 1.0094488802060368 0.050209911198180635 -0.2685585231083678 -1.1658652510959655e-05 -1.1658652510959655e-05 -1.1658652510959655e-05 -1.1658652510959655e-05 -1.1658652510959655e-05 
1649076979.9001064 2.539425606140867 -1.001905201592308 0.038731360458768904 0.09398207221238408 -6.48325078189373 -2.9522110886100563 4.804541806523048 5.90436391820549 1.0232091712532565 0.050745421678584535 -0.27188800131261814 -1.1658652510959655e-05 -1.1658652510959655e-05 -1.1658652510959655e-05 -1.1658652510959655e-05 -1.1658652510959655e-05 
1649076979.9820817 0.4579429344594246 -0.2427608877842431 0.04934843781666132 0.1671840265917126 -3.067974484663864 -1.6208156186985434 2.5469693189952523 3.588933015722432 1.0546645912181702 0.051048101515334565 -0.2830871552723693 -1.1658652510959655e-05 -1.1658652510959655e-05 -1.1658652510959655e-05 -1.1658652510959655e-05 -1.1658652510959655e-05 
1649076980.007706 0.16783595239394344 -0.5244394005421782 0.0517000273175654 0.14604300414794125 -0.8683069782346138 -1.1577387514262227 1.2155971321481047 1.0419287550030276 1.0724295693289605 0.05090840312914224 -0.2877204850810813 -1.1658652510959655e-05 -1.1658652510959655e-05 -1.1658652510959655e-05 -1.1658652510959655e-05 -1.1658652510959655e-05 
1649076980.0470843 -2.474884985946119 -0.32522950178099563 0.051443913609546144 0.05807958695368143 0.8682836609295919 0.6367335857576109 -0.5788752050357289 -0.9261886762615177 1.0969000699842582 0.05095496925787302 -0.29130607699335087 -1.1658652510959655e-05 -1.1658652510959655e-05 -1.1658652510959655e-05 -1.1658652510959655e-05 -1.1658652510959655e-05 
1649076980.1781929 -1.497741340434004 -0.28653304879844654 0.044854806386865675 -0.05270123332593357 4.630873429377971 3.357382940550451 -2.4312292402537423 -5.846505537483608 1.1735944840183947 0.05193285796121927 -0.2905144528049277 -1.1658652510959655e-05 -1.1658652510959655e-05 -1.1658652510959655e-05 -1.1658652510959655e-05 -1.1658652510959655e-05 
1649076980.1874762 -0.35512495643342845 -0.8480972783581819 0.04406318219844252 -0.04599571078142617 4.572991731351067 3.357382940550451 -2.0839157690352295 -5.672837160338531 1.1816504242960946 0.052188971669238526 -0.29004879151762 -1.1658652510959655e-05 -1.1658652510959655e-05 -1.1658652510959655e-05 -1.1658652510959655e-05 -1.1658652510959655e-05 
1649076980.2116296 0.22965248829859775 -0.6498652683076216 0.04289902898017317 -0.04515752046427224 6.020150597316388 4.457205052232894 -3.125856182690768 -7.23575942235766 1.1979252862875 0.052724482149642427 -0.2891407520073699 -1.1658652510959655e-05 -1.1658652510959655e-05 -1.1658652510959655e-05 -1.1658652510959655e-05 -1.1658652510959655e-05 
1649076980.3261237 -0.24257462326932 -1.998862734886643 0.040640571736730635 0.04466854187194258 11.11411255261919 7.235736105052638 -6.367487385839922 -12.503413037869905 1.285236777679529 0.0549130901999888 -0.2859044060605811 -1.1658652510959655e-05 -1.1658652510959655e-05 -1.1658652510959655e-05 -1.1658652510959655e-05 -1.1658652510959655e-05 
1649076980.3363929 -1.042161619887338 -2.6096473625220824 0.043085293495096266 0.07577471587137552 11.229875948672998 7.351522784170811 -5.672837160338531 -12.271862962697924 1.2926175090833567 0.055192486972373445 -0.28667274718463887 -1.1658652510959655e-05 -1.1658652510959655e-05 -1.1658652510959655e-05 -1.1658652510959655e-05 -1.1658652510959655e-05 
1649076980.3738506 -1.6655423853517277 -0.037753505996079184 0.043550954782404006 0.09961657378880773 12.38760304144671 8.10403142463474 -6.367487385839922 -12.792821527997148 1.314363891207904 0.05591426196770044 -0.2894201487797545 -1.1658652510959655e-05 -1.1658652510959655e-05 -1.1658652510959655e-05 -1.1658652510959655e-05 -1.1658652510959655e-05 
1649076980.389852 -0.9969924750112114 -2.3356988271407317 0.04250321688596159 0.045460166060365736 13.776880209385126 8.509249876944523 -8.277723119077564 -14.645175563207886 1.3281008991834824 0.05605396035389276 -0.2905610189336585 -1.1658652510959655e-05 -1.1658652510959655e-05 -1.1658652510959655e-05 -1.1658652510959655e-05 -1.1658652510959655e-05 
1649076980.4063196 1.0015559213861707 -2.683221845938533 0.04234023543540388 0.026321487152017653 12.329721343419806 8.10403142463474 -7.872527949839423 -13.718998545598879 1.3412325474928366 0.05637992325500818 -0.2912362278002547 -1.1658652510959655e-05 -1.1658652510959655e-05 -1.1658652510959655e-05 -1.1658652510959655e-05 -1.1658652510959655e-05 
1649076980.422939 -1.7678714532594313 3.050256038433872 0.04236351849976927 0.015052483991894405 13.255898361028812 8.798681650136132 -7.75674127072125 -13.545353451525443 1.3477750885795103 0.0565196216412005 -0.29137592618644703 -1.1658652510959655e-05 -1.1658652510959655e-05 -1.1658652510959655e-05 -1.1658652510959655e-05 -1.1658652510959655e-05 
1649076980.432614 -0.6328919143779785 -2.111087105149636 0.0428524628514424 0.023876765393652022 14.066311982576735 9.319640215435356 -8.161936439966667 -15.455589184763085 1.3600452635000693 0.056961999864142854 -0.29184158747375477 -1.1658652510959655e-05 -1.1658652510959655e-05 -1.1658652510959655e-05 -1.1658652510959655e-05 -1.1658652510959655e-05 
1649076980.4736862 3.279081995075103 -3.645441047185159 0.04299216123763472 0.02671729924622923 14.413625453802524 8.740776669044863 -9.03023175954877 -14.87672563837259 1.3777636754894047 0.057101698250335176 -0.29242366408288945 -1.1658652510959655e-05 -1.1658652510959655e-05 -1.1658652510959655e-05 -1.1658652510959655e-05 -1.1658652510959655e-05 
1649076980.4816532 3.279081995075103 -3.645441047185159 0.04299216123763472 0.02671729924622923 14.413625453802524 8.740776669044863 -9.03023175954877 -14.87672563837259 1.3777636754894047 0.057101698250335176 -0.29242366408288945 -1.1658652510959655e-05 -1.1658652510959655e-05 -1.1658652510959655e-05 -1.1658652510959655e-05 -1.1658652510959655e-05 
1649076980.5143409 3.279081995075103 -3.645441047185159 0.04299216123763472 0.02671729924622923 14.413625453802524 8.740776669044863 -9.03023175954877 -14.87672563837259 1.3777636754894047 0.057101698250335176 -0.29242366408288945 -1.1658652510959655e-05 -1.1658652510959655e-05 -1.1658652510959655e-05 -1.1658652510959655e-05 -1.1658652510959655e-05 
1649076980.5307918 3.279081995075103 -3.645441047185159 0.04299216123763472 0.02671729924622923 14.413625453802524 8.740776669044863 -9.03023175954877 -14.87672563837259 1.3777636754894047 0.057101698250335176 -0.29242366408288945 -1.1658652510959655e-05 -1.1658652510959655e-05 -1.1658652510959655e-05 -1.1658652510959655e-05 -1.1658652510959655e-05 
1649076980.5869591 3.279081995075103 -3.645441047185159 0.04299216123763472 0.02671729924622923 14.413625453802524 8.740776669044863 -9.03023175954877 -14.87672563837259 1.3777636754894047 0.057101698250335176 -0.29242366408288945 -1.1658652510959655e-05 -1.1658652510959655e-05 -1.1658652510959655e-05 -1.1658652510959655e-05 -1.1658652510959655e-05 
1649076980.6034791 3.279081995075103 -3.645441047185159 0.04299216123763472 0.02671729924622923 14.413625453802524 8.740776669044863 -9.03023175954877 -14.87672563837259 1.3777636754894047 0.057101698250335176 -0.29242366408288945 -1.1658652510959655e-05 -1.1658652510959655e-05 -1.1658652510959655e-05 -1.1658652510959655e-05 -1.1658652510959655e-05 
1649076980.6211367 1.8914579246993526 -3.310770279924327 0.03039602341596037 -0.05437761396024143 15.57132926351187 9.088090140263375 -9.9564087771505 -16.092334429173206 1.457578020155779 0.05791660550312372 -0.287161691536312 -1.1658652510959655e-05 -1.1658652510959655e-05 -1.1658652510959655e-05 -1.1658652510959655e-05 -1.1658652510959655e-05 
1649076980.6359754 -2.534955292023369 3.108789662263007 0.02902232261840254 -0.07544878721091663 14.992489000185742 9.551190290600061 -8.104054741939763 -16.613316277536796 1.460581535458914 0.05838226679043146 -0.28562500928819645 -1.1658652510959655e-05 -1.1658652510959655e-05 -1.1658652510959655e-05 -1.1658652510959655e-05 -1.1658652510959655e-05 
1649076980.6495862 5.5320211527869105 -0.2849730834859656 0.026996696018613875 -0.05563489943597233 14.760938925021037 7.756717953416228 -8.451368213158275 -14.645175563207886 1.4637480322126066 0.058475399047893006 -0.2844841391342925 -1.1658652510959655e-05 -1.1658652510959655e-05 -1.1658652510959655e-05 -1.1658652510959655e-05 -1.1658652510959655e-05 
1649076980.6694705 -2.543244062937447 -0.9136856706900289 0.02543673070613295 -0.0760541468844167 13.950525303465838 7.930386330554029 -8.68291828832298 -14.818843940352963 1.4648423362377798 0.05845211598352762 -0.2837157980102347 -1.1658652510959655e-05 -1.1658652510959655e-05 -1.1658652510959655e-05 -1.1658652510959655e-05 -1.1658652510959655e-05 
1649076980.6842377 2.777774336107541 0.09030334804265294 0.024063029908575118 -0.07314376383874333 13.31378005904844 7.525167878244247 -8.219841421057936 -14.529412167154078 1.4661694709066069 0.05859181436971994 -0.2821791157621192 -1.1658652510959655e-05 -1.1658652510959655e-05 -1.1658652510959655e-05 -1.1658652510959655e-05 -1.1658652510959655e-05 
1649076980.710476 0.6412272171801305 3.2312352977896808 0.017730036401189864 -0.1116073861849145 12.040289570228197 6.830540935807221 -8.161936439966667 -13.140158282280026 1.467496605575434 0.05875479582027765 -0.27922216658771504 -1.1658652510959655e-05 -1.1658652510959655e-05 -1.1658652510959655e-05 -1.1658652510959655e-05 -1.1658652510959655e-05 
1649076980.7267833 -2.088572381908307 -1.180626003704674 0.014004746095451992 -0.16257401408802252 10.708917383373773 7.64095455736242 -7.351546101475833 -12.908608207108045 1.4666118491295492 0.05891777727083536 -0.2764049157995032 -1.1658652510959655e-05 -1.1658652510959655e-05 -1.1658652510959655e-05 -1.1658652510959655e-05 -1.1658652510959655e-05 
1649076980.7664688 4.468986282809055 -1.9806088124169037 0.01011647434643237 -0.14411054404627066 10.18793553501746 5.209736975761189 -6.193819008702121 -10.419508927487186 1.4648190531734144 0.0593834385581431 -0.2717715859907912 -1.1658652510959655e-05 -1.1658652510959655e-05 -1.1658652510959655e-05 -1.1658652510959655e-05 -1.1658652510959655e-05 
1649076980.79881 0.37123680274089566 0.8115661161209573 0.006018655018124264 -0.10553050637827255 9.261758517408452 5.672813843033509 -5.325523689120018 -10.072195456268673 1.4602555725577986 0.05975596758798929 -0.2681859940785216 -1.1658652510959655e-05 -1.1658652510959655e-05 -1.1658652510959655e-05 -1.1658652510959655e-05 -1.1658652510959655e-05 
1649076980.8314912 1.4465884137680405 2.2565363740359317 0.00443540664127795 -0.047858355937933084 7.930386330554029 4.804541806523048 -4.573015048656089 -8.625036590303353 1.4510354790618294 0.05982581678108545 -0.2656481400554185 -1.1658652510959655e-05 -1.1658652510959655e-05 -1.1658652510959655e-05 -1.1658652510959655e-05 -1.1658652510959655e-05 
1649076980.9952753 1.6134348530540592 -0.39042208201863104 0.007904583231720608 0.07733468118385645 3.125832865385746 1.7365789805044187 -1.3313838455069344 -2.257560863108665 1.4121294784999918 0.060012081296008546 -0.268931052138214 -1.1658652510959655e-05 -1.1658652510959655e-05 -1.1658652510959655e-05 -1.1658652510959655e-05 -1.1658652510959655e-05 
1649076981.0275671 1.763307938403159 -0.214052869414445 0.0098836437027785 0.08830100450722966 0.11575173740129685 0.11575173740129685 -0.231561733817216 0.520970189711079 1.390895323791483 0.05996551516727777 -0.2715620384115027 -1.1658652510959655e-05 -1.1658652510959655e-05 -1.1658652510959655e-05 -1.1658652510959655e-05 -1.1658652510959655e-05 
1649076981.037281 5.980383123373031 -0.2746354029077338 0.008719490484509151 0.0550993547149119 -0.3473251298710238 -1.0998570533993188 1.5629106033666176 -1.1658652510959655e-05 1.3776705432319432 0.05998879823164316 -0.2728193238872336 -1.1658652510959655e-05 -1.1658652510959655e-05 -1.1658652510959655e-05 -1.1658652510959655e-05 -1.1658652510959655e-05 
1649076981.058651 0.9007635357265826 -0.23961767409491586 0.007648469523701351 0.020198041223920882 -1.5629339206716395 -0.4052068278979277 0.3473018125660019 1.5629106033666176 1.3633281755828648 0.060105213553470094 -0.2734014004963683 -1.1658652510959655e-05 -1.1658652510959655e-05 -1.1658652510959655e-05 -1.1658652510959655e-05 -1.1658652510959655e-05 
1649076981.074384 1.6808626074707718 -0.6600166843709303 0.00781145097425906 0.0011292115013930015 -2.4312292402537423 -1.3892888265909278 1.6207923013935215 2.2575375458036433 1.3560871425579535 0.06012849661783548 -0.2734014004963683 -1.1658652510959655e-05 -1.1658652510959655e-05 -1.1658652510959655e-05 -1.1658652510959655e-05 -1.1658652510959655e-05 
1649076981.0864134 1.8395134080928983 -1.1284253733829246 0.008463376776489895 0.019173586391843855 -3.067974484663864 -2.4891109382806462 1.9681057726120343 3.646814713749336 1.341372245879029 0.05996551516727777 -0.27365751420438755 -1.1658652510959655e-05 -1.1658652510959655e-05 -1.1658652510959655e-05 -1.1658652510959655e-05 -1.1658652510959655e-05 
1649076981.1437187 1.2058182451146422 -0.92572301497421 0.010302738861355465 0.06182816031650873 -5.672837160338531 -3.76260142710089 3.473146336604259 6.0780322953432915 1.3051670807835762 0.05943000468687387 -0.27652133112133015 -1.1658652510959655e-05 -1.1658652510959655e-05 -1.1658652510959655e-05 -1.1658652510959655e-05 -1.1658652510959655e-05 
1649076981.159626 2.2071297114453046 -0.27614880209148396 0.011560024337086361 0.06105981919245096 -6.425369083866826 -4.630896746682993 3.704696411768964 6.946327614925394 1.2897304091020487 0.05912732485012384 -0.2777087674039649 -1.1658652510959655e-05 -1.1658652510959655e-05 -1.1658652510959655e-05 -1.1658652510959655e-05 -1.1658652510959655e-05 
1649076981.1690254 -0.006251519902434666 -0.15875559153209906 0.012072251753124874 0.0567058861561236 -6.946350932230416 -4.9782102179015055 4.283559958159458 7.177854407025734 1.2819538656040095 0.05903419259266229 -0.27826756094873417 -1.1658652510959655e-05 -1.1658652510959655e-05 -1.1658652510959655e-05 -1.1658652510959655e-05 -1.1658652510959655e-05 
1649076981.184378 4.1026505479967454 0.5076522768868017 0.012910442070278805 0.07069900783972116 -7.75674127072125 -5.7886238394567044 5.672813843033509 8.046149726607837 1.2664473447293858 0.0588479280777392 -0.27959469561756123 -1.1658652510959655e-05 -1.1658652510959655e-05 -1.1658652510959655e-05 -1.1658652510959655e-05 -1.1658652510959655e-05 
1649076981.2243762 2.0446604882599786 -1.4127348724141484 0.014610105768952053 0.0791274771472672 -9.898527079123596 -6.48325078189373 5.5570504469869775 9.898503761818574 1.2436299416513066 0.05875479582027765 -0.2819695681828307 -1.1658652510959655e-05 -1.1658652510959655e-05 -1.1658652510959655e-05 -1.1658652510959655e-05 -1.1658652510959655e-05 
1649076981.233493 -0.8371309550420847 0.22536840445536654 0.011327193693432491 0.021944271051324904 -9.9564087771505 -6.888445951139147 6.946327614925394 10.535249006235972 1.228495949806529 0.058568531305354554 -0.2827146262425231 -1.1658652510959655e-05 -1.1658652510959655e-05 -1.1658652510959655e-05 -1.1658652510959655e-05 -1.1658652510959655e-05 
1649076981.257534 2.5896006098628277 -1.8513878051599022 0.010861532406124752 -0.02559974639734719 -10.593154021560622 -7.467309497529641 6.888422633834125 10.998349156565382 1.213571505548316 0.058405549854796845 -0.28238866334140766 -1.1658652510959655e-05 -1.1658652510959655e-05 -1.1658652510959655e-05 -1.1658652510959655e-05 -1.1658652510959655e-05 
1649076981.2709436 3.1579867772816215 -0.6781774745832081 0.009674096123490017 -0.054051651059126016 -10.882585794759507 -7.698859572694346 7.698836255389324 11.345662627791171 1.206167491080123 0.05835898372606607 -0.28185315286100376 -1.1658652510959655e-05 -1.1658652510959655e-05 -1.1658652510959655e-05 -1.1658652510959655e-05 -1.1658652510959655e-05 
1649076981.2825565 1.5711295250875992 0.06941843929962488 0.00918515177181689 -0.030768586686463095 -12.561294735889533 -7.698859572694346 8.856563348163036 12.271839645392902 1.1920113879386918 0.05868494662718149 -0.28117794399440754 -1.1658652510959655e-05 -1.1658652510959655e-05 -1.1658652510959655e-05 -1.1658652510959655e-05 -1.1658652510959655e-05 
1649076981.3034818 -1.1485186579375295 0.7988302799130906 0.009092019514355343 -0.015052518232550938 -12.850726509088418 -8.219841421057936 7.467286180224619 12.38760304144671 1.1850031855647103 0.058708229691546876 -0.2810382456082152 -1.1658652510959655e-05 -1.1658652510959655e-05 -1.1658652510959655e-05 -1.1658652510959655e-05 -1.1658652510959655e-05 
1649076981.331673 2.1766288971193717 -1.9770465035689995 0.005040766314778011 -0.04613540916761849 -13.313803376353462 -9.146018438659667 8.335581499799446 13.66109353027423 1.1580413970223162 0.05766049179510446 -0.2798275262612151 -1.1658652510959655e-05 -1.1658652510959655e-05 -1.1658652510959655e-05 -1.1658652510959655e-05 -1.1658652510959655e-05 
1649076981.3561683 0.8048140274549951 0.863836595635803 0.0037369147103163414 -0.07349300980422413 -13.776903526690148 -9.319663532740378 8.335581499799446 14.35574375577562 1.1516618373862002 0.05752079340891214 -0.2791057512658881 -1.1658652510959655e-05 -1.1658652510959655e-05 -1.1658652510959655e-05 -1.1658652510959655e-05 -1.1658652510959655e-05 
1649076981.364318 3.5874428996030474 -2.7234549811691977 0.0037834808390471153 -0.05721814781281864 -13.95054862077086 -9.840645381096692 8.740776669044863 15.050370698212646 1.1394847947158269 0.05714826437906595 -0.27794159804761875 -1.1658652510959655e-05 -1.1658652510959655e-05 -1.1658652510959655e-05 -1.1658652510959655e-05 -1.1658652510959655e-05 
1649076981.4182572 -3.0812691144165 1.6230973247656948 0.004994200186047237 0.016798713826574385 -14.760962242326059 -10.187958852322481 8.682894971017959 16.55541126220487 1.1102878319943557 0.05607724341825815 -0.276754161764984 -1.1658652510959655e-05 -1.1658652510959655e-05 -1.1658652510959655e-05 -1.1658652510959655e-05 -1.1658652510959655e-05 
1649076981.445981 2.0362785850884393 1.4655641112331068 0.005809107438835781 0.06918560865597101 -14.529412167154078 -9.319663532740378 7.872504632534401 15.57132926351187 1.0958290490234504 0.05537875148729654 -0.27850039159238804 -1.1658652510959655e-05 -1.1658652510959655e-05 -1.1658652510959655e-05 -1.1658652510959655e-05 -1.1658652510959655e-05 
1649076981.469415 -4.491920135456894 -1.9130180765496334 0.0067869961421820335 0.061246083707374055 -15.050394015517668 -9.782763683077064 8.62501327299833 16.84484303539648 1.0912655684078345 0.0550993547149119 -0.2791290343302535 -1.1658652510959655e-05 -1.1658652510959655e-05 -1.1658652510959655e-05 -1.1658652510959655e-05 -1.1658652510959655e-05 
1649076981.481278 -4.491920135456894 -1.9130180765496334 0.0067869961421820335 0.061246083707374055 -15.050394015517668 -9.782763683077064 8.62501327299833 16.84484303539648 1.0912655684078345 0.0550993547149119 -0.2791290343302535 -1.1658652510959655e-05 -1.1658652510959655e-05 -1.1658652510959655e-05 -1.1658652510959655e-05 -1.1658652510959655e-05 
1649076981.5153985 -4.491920135456894 -1.9130180765496334 0.0067869961421820335 0.061246083707374055 -15.050394015517668 -9.782763683077064 8.62501327299833 16.84484303539648 1.0912655684078345 0.0550993547149119 -0.2791290343302535 -1.1658652510959655e-05 -1.1658652510959655e-05 -1.1658652510959655e-05 -1.1658652510959655e-05 -1.1658652510959655e-05 
1649076981.567315 -4.491920135456894 -1.9130180765496334 0.0067869961421820335 0.061246083707374055 -15.050394015517668 -9.782763683077064 8.62501327299833 16.84484303539648 1.0912655684078345 0.0550993547149119 -0.2791290343302535 -1.1658652510959655e-05 -1.1658652510959655e-05 -1.1658652510959655e-05 -1.1658652510959655e-05 -1.1658652510959655e-05 
1649076981.616087 4.709267507110781 -0.3947061658691382 0.005762541310105007 0.03232851775828749 -14.124216997908661 -8.625036590303353 8.740776669044863 14.934584019094473 1.0289135220227763 0.05475010874943109 -0.28283104156435 -1.1658652510959655e-05 -1.1658652510959655e-05 -1.1658652510959655e-05 -1.1658652510959655e-05 -1.1658652510959655e-05 
1649076981.658592 -2.1406565969009534 2.6815919971922995 0.007764884845528286 0.07656634005979868 -12.908608207108045 -7.062114328284224 8.10403142463474 12.56127141858451 1.0313349607167765 0.05554173293785425 -0.2859276891249465 -1.1658652510959655e-05 -1.1658652510959655e-05 -1.1658652510959655e-05 -1.1658652510959655e-05 -1.1658652510959655e-05 
1649076981.6989815 -0.6748247133145924 -1.163885480418685 0.010093191282066982 0.08129280213324819 -11.114135869924212 -5.7886238394567044 7.583072859335516 11.403544325810799 1.0357354598818347 0.05593754503206583 -0.28851210926950444 -1.1658652510959655e-05 -1.1658652510959655e-05 -1.1658652510959655e-05 -1.1658652510959655e-05 -1.1658652510959655e-05 
1649076981.7303798 1.2845848518772982 2.3819156756726443 0.012957008199009579 0.08289933357445989 -10.766822398705699 -5.036091915928409 7.235736105052638 10.303698931063991 1.042790228384547 0.0565196216412005 -0.2912362278002547 -1.1658652510959655e-05 -1.1658652510959655e-05 -1.1658652510959655e-05 -1.1658652510959655e-05 -1.1658652510959655e-05 
1649076981.7633498 3.304181138468266 -0.4278379664683598 0.014470407382759731 0.07193301025108667 -8.451368213158275 -4.28358327546448 6.020150597316388 8.798681650136132 1.0554794984709588 0.05738109502271982 -0.2941466108459281 -1.1658652510959655e-05 -1.1658652510959655e-05 -1.1658652510959655e-05 -1.1658652510959655e-05 -1.1658652510959655e-05 
1649076981.7773602 -1.8366263423522469 -0.1857639462032239 0.015797542058862746 0.0876956448337296 -7.640977874667442 -3.936269804245967 5.3255003718149965 7.814599651443132 1.0595307516705361 0.057497510344546754 -0.2950313672918128 -1.1658652510959655e-05 -1.1658652510959655e-05 -1.1658652510959655e-05 -1.1658652510959655e-05 -1.1658652510959655e-05 
1649076981.7958326 -2.6774709290402825 -1.7169746745494194 0.019546115421690047 0.14515824770205654 -7.75674127072125 -3.704719729073986 5.3255003718149965 7.930386330554029 1.068843977416691 0.05770705792383524 -0.29768563663674286 -1.1658652510959655e-05 -1.1658652510959655e-05 -1.1658652510959655e-05 -1.1658652510959655e-05 -1.1658652510959655e-05 
1649076981.8123446 1.4951103199200588 -0.31735982602549484 0.02280574443284422 0.1740758136511431 -6.599014177947538 -2.836424409499159 5.267618673788093 7.177854407025734 1.079135091866192 0.058102870018046815 -0.30108496403408935 -1.1658652510959655e-05 -1.1658652510959655e-05 -1.1658652510959655e-05 -1.1658652510959655e-05 -1.1658652510959655e-05 
1649076981.8610065 -6.346998289198382 -0.4027621061395621 0.028836058103479445 0.15733529036515392 -3.473169653909281 -2.3733475422268384 3.067951167358842 4.109891581014381 1.104536915096105 0.05835898372606607 -0.30969969784928253 -1.1658652510959655e-05 -1.1658652510959655e-05 -1.1658652510959655e-05 -1.1658652510959655e-05 -1.1658652510959655e-05 
1649076981.9926553 -0.25621849898743676 -0.30394878095103195 0.031373912119306624 -0.01663576661667321 1.3892655092859059 0.7524969818114187 -1.0419520723080495 -2.0260340710083256 1.1731055396667216 0.05789332243875833 -0.320619455036649 -1.1658652510959655e-05 -1.1658652510959655e-05 -1.1658652510959655e-05 -1.1658652510959655e-05 -1.1658652510959655e-05 
1649076982.0021515 -0.3448571250482928 0.4164059476170223 0.03062885405961424 -0.0316533431323478 1.3313605282019125 0.9261653589564958 -1.1577387514262227 -2.0260340710083256 1.1814175936524407 0.057939888567489106 -0.3202934921355336 -1.1658652510959655e-05 -1.1658652510959655e-05 -1.1658652510959655e-05 -1.1658652510959655e-05 -1.1658652510959655e-05 
1649076982.041871 -3.8728234538357356 0.2760556355933659 0.027602055692113936 -0.04918549060676014 3.936246486940945 2.4312059229487204 -1.7944839958363445 -4.630896746682993 1.2138509023207007 0.058405549854796845 -0.31843084698630264 -1.1658652510959655e-05 -1.1658652510959655e-05 -1.1658652510959655e-05 -1.1658652510959655e-05 -1.1658652510959655e-05 
1649076982.0507576 -0.2725166440504836 -0.6842310713182087 0.02741579117719084 -0.03947645275911782 4.109891581014381 2.4312059229487204 -2.0839157690352295 -4.630896746682993 1.222419070007163 0.05849868211225839 -0.31803503489209106 -1.1658652510959655e-05 -1.1658652510959655e-05 -1.1658652510959655e-05 -1.1658652510959655e-05 -1.1658652510959655e-05 
1649076982.0721436 -1.2346427130396478 0.08031491342990194 0.026065373443998396 -0.030675454429001547 5.3255003718149965 4.052009882987477 -3.125856182690768 -5.7886238394567044 1.2395786884517292 0.058871211142104585 -0.317429675218591 -1.1658652510959655e-05 -1.1658652510959655e-05 -1.1658652510959655e-05 -1.1658652510959655e-05 -1.1658652510959655e-05 
1649076982.0882492 -1.8824008469018736 0.5202018485870212 0.022130535566248 -0.06394695341441547 5.846482220178586 4.341441656186362 -3.299524559828569 -7.525191195549269 1.2561795133442502 0.059336872429412324 -0.31624223893595627 -1.1658652510959655e-05 -1.1658652510959655e-05 -1.1658652510959655e-05 -1.1658652510959655e-05 -1.1658652510959655e-05 
1649076982.105054 -1.499417721068312 -1.443934178671043 0.021758006536401808 -0.0776606783256284 5.846482220178586 4.515110033324163 -3.704719729073986 -7.872527949839423 1.264654548773251 0.059639552266162354 -0.3154738978118985 -1.1658652510959655e-05 -1.1658652510959655e-05 -1.1658652510959655e-05 -1.1658652510959655e-05 -1.1658652510959655e-05 
1649076982.116207 -0.6694696085032774 2.8847367338239565 0.018638075911439955 -0.10285295397625305 8.567131574971427 6.193795691397099 -4.515133350629185 -9.03023175954877 1.2810458260937594 0.05996551516727777 -0.3134715542764752 -1.1658652510959655e-05 -1.1658652510959655e-05 -1.1658652510959655e-05 -1.1658652510959655e-05 -1.1658652510959655e-05 
1649076982.1372266 -0.9396462874647113 -4.0779472509384505 0.01982551219407469 -0.04336472450813744 7.930386330554029 5.672813843033509 -4.920328519874602 -10.47739062551409 1.296971442119684 0.06050102564768167 -0.3122375518651097 -1.1658652510959655e-05 -1.1658652510959655e-05 -1.1658652510959655e-05 -1.1658652510959655e-05 -1.1658652510959655e-05 
1649076982.153956 -1.823937072265835 2.0878738557366887 0.020267890417017043 -0.044715142241329886 8.972326744216844 6.946327614925394 -5.209760293066211 -9.435450211851276 1.305027382397384 0.06075713935570093 -0.31177189057780197 -1.1658652510959655e-05 -1.1658652510959655e-05 -1.1658652510959655e-05 -1.1658652510959655e-05 -1.1658652510959655e-05 
1649076982.1699896 2.891931200712861 -1.6448437411308987 0.018102565431036055 -0.0007101505834725685 10.18793553501746 6.830540935807221 -5.904387235510512 -11.808762812361238 1.3203476387498085 0.06119951757864328 -0.31144592767668655 -1.1658652510959655e-05 -1.1658652510959655e-05 -1.1658652510959655e-05 -1.1658652510959655e-05 -1.1658652510959655e-05 
1649076982.1866388 -0.6609247238811804 -0.45023627438786207 0.016938412212766707 -0.027392542353481986 12.0981712682551 7.930386330554029 -6.367487385839922 -13.371685074380366 1.3351091015647398 0.06175831112341257 -0.31111996477557113 -1.1658652510959655e-05 -1.1658652510959655e-05 -1.1658652510959655e-05 -1.1658652510959655e-05 -1.1658652510959655e-05 
1649076982.2209833 -4.296272545543616 -1.612363866333908 0.0178464517230168 0.007345789686951321 12.156052966274729 8.046149726607837 -7.177877724330756 -13.255921678333834 1.3565062377165304 0.06257321837620111 -0.311352795419225 -1.1658652510959655e-05 -1.1658652510959655e-05 -1.1658652510959655e-05 -1.1658652510959655e-05 -1.1658652510959655e-05 
1649076982.2381523 3.085576447090716 0.417290704062907 0.017590338014997542 0.01630976947490126 12.213957947365998 8.740776669044863 -6.888445951139147 -13.313803376353462 1.3633281755828648 0.06285261514858576 -0.3115157768697827 -1.1658652510959655e-05 -1.1658652510959655e-05 -1.1658652510959655e-05 -1.1658652510959655e-05 -1.1658652510959655e-05 
1649076982.2529807 0.4736357198416954 -2.1690619354340015 0.01568112673703581 -0.004784686847415287 13.140134964975005 9.145995121354645 -8.161936439966667 -14.239980393962469 1.3762502763056546 0.06334155950025888 -0.3114924938054173 -1.1658652510959655e-05 -1.1658652510959655e-05 -1.1658652510959655e-05 -1.1658652510959655e-05 -1.1658652510959655e-05 
1649076982.2634034 3.280292714422103 -0.6082351492077578 0.015937240445055068 -0.020035094014019705 13.83476190741203 8.567131574971427 -7.640977874667442 -13.834785224717052 1.3884506020331173 0.06371408853010507 -0.31130622929049423 -1.1658652510959655e-05 -1.1658652510959655e-05 -1.1658652510959655e-05 -1.1658652510959655e-05 -1.1658652510959655e-05 
1649076982.285957 -1.3643526646555983 1.5294528398662806 0.013539084808144253 -0.03351598828157876 13.776880209385126 9.319640215435356 -8.451368213158275 -14.066335299881757 1.3942946511961054 0.06380722078756662 -0.3109569833250134 -1.1658652510959655e-05 -1.1658652510959655e-05 -1.1658652510959655e-05 -1.1658652510959655e-05 -1.1658652510959655e-05 
1649076982.3614752 -2.0623789344899706 0.9759911167056998 0.006600731627258938 -0.06594929694983875 15.050370698212646 9.088090140263375 -8.509273194249545 -15.68713925992779 1.4431425202419632 0.06417974981741281 -0.3061839551301091 -1.1658652510959655e-05 -1.1658652510959655e-05 -1.1658652510959655e-05 -1.1658652510959655e-05 -1.1658652510959655e-05 
1649076982.40064 0.5058361978663015 -0.04424948095402215 0.0036903485815855674 -0.0679982066139928 14.58727054787596 8.39346319782635 -9.146018438659667 -14.529412167154078 1.4533405024340027 0.06422631594614359 -0.3043678761096089 -1.1658652510959655e-05 -1.1658652510959655e-05 -1.1658652510959655e-05 -1.1658652510959655e-05 -1.1658652510959655e-05 
1649076982.4838862 1.3972516003705095 -0.1182197764646844 0.0031082719724508934 -0.006321369095530827 13.603211832247325 7.351522784170811 -7.525191195549269 -13.48747175349854 1.4651682991388952 0.06417974981741281 -0.303110590633878 -1.1658652510959655e-05 -1.1658652510959655e-05 -1.1658652510959655e-05 -1.1658652510959655e-05 -1.1658652510959655e-05 
1649076982.5085893 1.3972516003705095 -0.1182197764646844 0.0031082719724508934 -0.006321369095530827 13.603211832247325 7.351522784170811 -7.525191195549269 -13.48747175349854 1.4651682991388952 0.06417974981741281 -0.303110590633878 -1.1658652510959655e-05 -1.1658652510959655e-05 -1.1658652510959655e-05 -1.1658652510959655e-05 -1.1658652510959655e-05 
1649076982.5481048 1.3972516003705095 -0.1182197764646844 0.0031082719724508934 -0.006321369095530827 13.603211832247325 7.351522784170811 -7.525191195549269 -13.48747175349854 1.4651682991388952 0.06417974981741281 -0.303110590633878 -1.1658652510959655e-05 -1.1658652510959655e-05 -1.1658652510959655e-05 -1.1658652510959655e-05 -1.1658652510959655e-05 
1649076982.5838292 1.3972516003705095 -0.1182197764646844 0.0031082719724508934 -0.006321369095530827 13.603211832247325 7.351522784170811 -7.525191195549269 -13.48747175349854 1.4651682991388952 0.06417974981741281 -0.303110590633878 -1.1658652510959655e-05 -1.1658652510959655e-05 -1.1658652510959655e-05 -1.1658652510959655e-05 -1.1658652510959655e-05 
1649076982.61332 0.23302853263157886 -1.7971149821096333 -0.004738120718684513 -0.04697359949204838 8.219818103752914 4.225678260132554 -5.962268933537416 -9.03023175954877 1.487962419159885 0.06273619982675882 -0.3003166229100316 -1.1658652510959655e-05 -1.1658652510959655e-05 -1.1658652510959655e-05 -1.1658652510959655e-05 -1.1658652510959655e-05 
1649076982.6640573 0.7625785486816312 2.461078094536788 -0.010884849711146671 -0.0866945073066745 5.962245616232394 3.936246486940945 -3.878388106219063 -7.351546101475833 1.4697783458832419 0.06299231353477808 -0.29724325840652455 -1.1658652510959655e-05 -1.1658652510959655e-05 -1.1658652510959655e-05 -1.1658652510959655e-05 -1.1658652510959655e-05 
1649076982.7210002 1.3990443963266443 -0.7112859921180643 -0.021897739163250662 -0.1403619706761674 2.3733242249218165 1.8523423765582265 -1.7944839958363445 -3.878388106219063 1.436204167061078 0.06359767320827814 -0.2887915060418891 -1.1658652510959655e-05 -1.1658652510959655e-05 -1.1658652510959655e-05 -1.1658652510959655e-05 -1.1658652510959655e-05 
1649076982.7373865 1.9265455027125427 -0.16408741327177268 -0.023318006089539267 -0.13656683118460933 1.5050289053397137 1.6786739994204254 -1.2156204494531266 -2.894306107518787 1.4302204195191734 0.06378393772320123 -0.28741780524433125 -1.1658652510959655e-05 -1.1658652510959655e-05 -1.1658652510959655e-05 -1.1658652510959655e-05 -1.1658652510959655e-05 
1649076982.7537673 2.8053880504521658 -0.2908636987704085 -0.024924537530750968 -0.11570520551322261 -0.11577505470631877 0.9261653589564958 -0.17368003579758806 -1.3313838455069344 1.4183693397499155 0.06422631594614359 -0.28494980042160023 -1.1658652510959655e-05 -1.1658652510959655e-05 -1.1658652510959655e-05 -1.1658652510959655e-05 -1.1658652510959655e-05 
1649076982.774988 3.8473284641077043 -0.4651141525246203 -0.02606540768465493 -0.07908094525919296 -0.6946386010895367 -0.231561733817216 0.8682836609295919 -0.17368003579758806 1.4055636543489527 0.06462212804035516 -0.2832035705941962 -1.1658652510959655e-05 -1.1658652510959655e-05 -1.1658652510959655e-05 -1.1658652510959655e-05 -1.1658652510959655e-05 
1649076982.7863493 2.0222854634048417 -0.4532630727553624 -0.027229560902924277 -0.04965115189406788 -1.7944839958363445 -0.8104252802077099 1.6207923013935215 1.2734788301750086 1.3924785721683293 0.0649248078771052 -0.28206270044029225 -1.1658652510959655e-05 -1.1658652510959655e-05 -1.1658652510959655e-05 -1.1658652510959655e-05 -1.1658652510959655e-05 
1649076982.8026414 2.468295844490058 -0.14764956982980948 -0.02713642864546273 -0.03335300683102105 -2.0260340710083256 -1.6208156186985434 1.2734788301750086 1.9102240745851304 1.3856333512449055 0.0649248078771052 -0.28173673753917683 -1.1658652510959655e-05 -1.1658652510959655e-05 -1.1658652510959655e-05 -1.1658652510959655e-05 -1.1658652510959655e-05 
1649076982.8400204 1.6513629649125505 -0.7095164792262949 -0.028719677022309043 -0.018265581122250296 -3.415287955882377 -3.2416428618089412 2.3154425268949126 3.646814713749336 1.3645156118654995 0.06469197723345133 -0.28113137786567677 -1.1658652510959655e-05 -1.1658652510959655e-05 -1.1658652510959655e-05 -1.1658652510959655e-05 -1.1658652510959655e-05 
1649076982.857003 1.6054254789050901 0.1409672961162869 -0.03018651007732842 -0.034610292306751944 -4.167819879410672 -3.531051351936185 2.0260107537033036 4.457205052232894 1.3502663764666067 0.06443586352543207 -0.2805725843209075 -1.1658652510959655e-05 -1.1658652510959655e-05 -1.1658652510959655e-05 -1.1658652510959655e-05 -1.1658652510959655e-05 
1649076982.8844821 1.2799282390042208 -0.7397611798442085 -0.03298047780117486 -0.051304249464010354 -5.441310368238192 -4.341464973491384 3.125832865385746 5.7886005221516825 1.3272161427375977 0.06390035304502817 -0.2791523173946189 -1.1658652510959655e-05 -1.1658652510959655e-05 -1.1658652510959655e-05 -1.1658652510959655e-05 -1.1658652510959655e-05 
1649076982.911263 2.3990752941172104 0.7111229764268501 -0.033213308444828726 -0.03908064066490624 -6.367487385839922 -5.383405387146922 4.052009882987477 6.541109162615612 1.3114302250978653 0.06362095627264353 -0.27829084401309956 -1.1658652510959655e-05 -1.1658652510959655e-05 -1.1658652510959655e-05 -1.1658652510959655e-05 -1.1658652510959655e-05 
1649076982.9265115 0.4723784343659645 -1.9799336035503075 -0.03530878423771355 -0.04771865755174076 -7.814622968748154 -5.383405387146922 5.7886005221516825 8.046149726607837 1.2959004211588763 0.0634812578864512 -0.277475936760311 -1.1658652510959655e-05 -1.1658652510959655e-05 -1.1658652510959655e-05 -1.1658652510959655e-05 -1.1658652510959655e-05 
1649076982.9339375 1.0679126548420754 0.19537981754547218 -0.03800961970409844 -0.06359770744893467 -8.798704967441154 -5.7307421414298005 5.90436391820549 7.988268028580933 1.288123877660837 0.06357439014391275 -0.27684729402244557 -1.1658652510959655e-05 -1.1658652510959655e-05 -1.1658652510959655e-05 -1.1658652510959655e-05 -1.1658652510959655e-05 
1649076982.9497776 2.6241992435170687 -2.3514614617160987 -0.03945316969475243 -0.08946519196615554 -8.625036590303353 -7.177877724330756 6.598990860642516 9.435426894546254 1.2726872059865855 0.06343469175772043 -0.2752174795168685 -1.1658652510959655e-05 -1.1658652510959655e-05 -1.1658652510959655e-05 -1.1658652510959655e-05 -1.1658652510959655e-05 
1649076982.9662573 3.4052296378358733 -0.5309819416288519 -0.040896719685406424 -0.07940690816030838 -9.377545230767282 -7.351546101475833 6.193795691397099 11.11411255261919 1.2573669496268849 0.06303887966350885 -0.2734246835607337 -1.1658652510959655e-05 -1.1658652510959655e-05 -1.1658652510959655e-05 -1.1658652510959655e-05 -1.1658652510959655e-05 
1649076982.9877865 2.9301619924153783 -0.6166869015796692 -0.04175819306692574 -0.0724685549721471 -10.245840550342109 -8.104054741939763 7.293641086143907 11.287780929764267 1.249916369029961 0.06280604901985498 -0.2727029085654067 -1.1658652510959655e-05 -1.1658652510959655e-05 -1.1658652510959655e-05 -1.1658652510959655e-05 -1.1658652510959655e-05 
1649076983.0203838 2.619472781450895 -2.5116955107150716 -0.04275936483463738 -0.025180651238770224 -11.92454949147941 -9.088113457568397 7.756717953416228 13.776880209385126 1.2208358216303168 0.06196785870270105 -0.2708868295449065 -1.1658652510959655e-05 -1.1658652510959655e-05 -1.1658652510959655e-05 -1.1658652510959655e-05 -1.1658652510959655e-05 
1649076983.0394163 1.8375576306862058 0.08315544728247914 -0.04313189386448357 -0.01188602147885831 -11.577236020260898 -8.856586665468058 7.525167878244247 12.503389720564883 1.21380433619197 0.061711744994681794 -0.27077041422307957 -1.1658652510959655e-05 -1.1658652510959655e-05 -1.1658652510959655e-05 -1.1658652510959655e-05 -1.1658652510959655e-05 
1649076983.0549407 1.9725528379058233 0.3686523825963377 -0.04085015355667565 0.03477323951665312 -12.445508056778635 -9.609095305931987 7.525167878244247 14.703057226994133 1.2002768757884041 0.0609899699993548 -0.27135249083221424 -1.1658652510959655e-05 -1.1658652510959655e-05 -1.1658652510959655e-05 -1.1658652510959655e-05 -1.1658652510959655e-05 
1649076983.0696273 1.8170685340373893 -2.140633313836588 -0.04152536242327187 0.0472296789594111 -12.792821527997148 -9.03023175954877 7.756717953416228 13.545330134220421 1.1871685105506913 0.06050102564768167 -0.2721906811493682 -1.1658652510959655e-05 -1.1658652510959655e-05 -1.1658652510959655e-05 -1.1658652510959655e-05 -1.1658652510959655e-05 
1649076983.138198 -3.434845729956578 1.3057957235214417 -0.03670576809963677 0.1201289535019896 -15.166157411571476 -9.03023175954877 8.219818103752914 15.629234244595864 1.1514290067425463 0.059336872429412324 -0.27687057708681095 -1.1658652510959655e-05 -1.1658652510959655e-05 -1.1658652510959655e-05 -1.1658652510959655e-05 -1.1658652510959655e-05 
1649076983.153583 0.7582246156453039 3.1617353506444488 -0.03426104634127114 0.12043163333873963 -14.818843940352963 -9.49333190987818 9.435426894546254 15.281920773377351 1.1420692148603848 0.05908075872139307 -0.27936186497390736 -1.1658652510959655e-05 -1.1658652510959655e-05 -1.1658652510959655e-05 -1.1658652510959655e-05 -1.1658652510959655e-05 
1649076983.1702647 4.70018711200828 2.0917621274857083 -0.03335300683102105 0.11964000915031647 -14.239980393962469 -9.435450211851276 8.740776669044863 14.645152245902864 1.1375290173091344 0.05896434339956613 -0.2805493012565421 -1.1658652510959655e-05 -1.1658652510959655e-05 -1.1658652510959655e-05 -1.1658652510959655e-05 -1.1658652510959655e-05 
1649076983.178508 1.3966695237613749 1.2025818991605774 -0.03232855199894402 0.10150250200240407 -14.760962242326059 -9.088113457568397 8.219818103752914 15.455565867458063 1.128844434300845 0.05854524824098917 -0.2828543246287154 -1.1658652510959655e-05 -1.1658652510959655e-05 -1.1658652510959655e-05 -1.1658652510959655e-05 -1.1658652510959655e-05 
1649076983.1991665 -0.36841958619334036 -0.14685794564138632 -0.03132738023123238 0.09919747863023076 -14.760962242326059 -8.625036590303353 8.62501327299833 14.703057226994133 1.1213705706395558 0.058405549854796845 -0.28476353590667713 -1.1658652510959655e-05 -1.1658652510959655e-05 -1.1658652510959655e-05 -1.1658652510959655e-05 -1.1658652510959655e-05 
1649076983.211183 2.5792396462129545 3.8942671218756004 -0.03088500200829003 0.07000051590875955 -13.95054862077086 -8.393486515131372 8.567131574971427 14.008407001492742 1.1179945263065747 0.05842883291916223 -0.28546202783763874 -1.1658652510959655e-05 -1.1658652510959655e-05 -1.1658652510959655e-05 -1.1658652510959655e-05 -1.1658652510959655e-05 
1649076983.2319095 -2.888718172071094 -1.0788324462700984 -0.030791869750828482 0.05523905310110422 -14.645175563207886 -8.104054741939763 7.756717953416228 14.760938925021037 1.112290175537055 0.05821928533987375 -0.286742596377735 -1.1658652510959655e-05 -1.1658652510959655e-05 -1.1658652510959655e-05 -1.1658652510959655e-05 -1.1658652510959655e-05 
1649076983.2507374 0.02972081454936415 1.2885662558837794 -0.03041934072098229 0.039942079805769026 -13.834785224717052 -7.872527949839423 8.39346319782635 13.082229983883735 1.107354165884317 0.058475399047893006 -0.28774376814544667 -1.1658652510959655e-05 -1.1658652510959655e-05 -1.1658652510959655e-05 -1.1658652510959655e-05 -1.1658652510959655e-05 
1649076983.2830863 2.6593333876517136 1.7324113119830145 -0.03027964233478997 0.03929015400353819 -13.024371603161853 -7.177877724330756 8.39346319782635 12.850703191783396 1.1014402675355086 0.05868494662718149 -0.2888846382993506 -1.1658652510959655e-05 -1.1658652510959655e-05 -1.1658652510959655e-05 -1.1658652510959655e-05 -1.1658652510959655e-05 
1649076983.3655107 1.2194155547040282 -0.0806176275073085 -0.0262982383283088 0.0826897859951714 -9.9564087771505 -5.614955462311627 6.425345766561804 10.303698931063991 1.099298225613893 0.059173890978854615 -0.29291260843456257 -1.1658652510959655e-05 -1.1658652510959655e-05 -1.1658652510959655e-05 -1.1658652510959655e-05 -1.1658652510959655e-05 
1649076983.397838 0.11195659790973878 3.1085335485549876 -0.022037437549442984 0.12464586798887467 -8.972350061521865 -4.399346671518288 5.90436391820549 9.551190290600061 1.1051655578339705 0.059569703073066194 -0.29768563663674286 -1.1658652510959655e-05 -1.1658652510959655e-05 -1.1658652510959655e-05 -1.1658652510959655e-05 -1.1658652510959655e-05 
1649076983.4304805 -1.2391363444694434 0.5236011759843677 -0.017590372255654074 0.13717215661745286 -7.930409647859051 -3.415287955882377 5.3255003718149965 7.351522784170811 1.1125462892450741 0.059779250652354676 -0.3018533051581471 -1.1658652510959655e-05 -1.1658652510959655e-05 -1.1658652510959655e-05 -1.1658652510959655e-05 -1.1658652510959655e-05 
1649076983.4629428 1.2751086446805857 -0.904302595750778 -0.01738082467636559 0.13104871068935608 -6.888445951139147 -3.588956333027454 5.093973579714657 7.004209312952298 1.1162482964791707 0.05996551516727777 -0.3031571567626088 -1.1658652510959655e-05 -1.1658652510959655e-05 -1.1658652510959655e-05 -1.1658652510959655e-05 -1.1658652510959655e-05 
1649076983.5382211 1.2751086446805857 -0.904302595750778 -0.01738082467636559 0.13104871068935608 -6.888445951139147 -3.588956333027454 5.093973579714657 7.004209312952298 1.1162482964791707 0.05996551516727777 -0.3031571567626088 -1.1658652510959655e-05 -1.1658652510959655e-05 -1.1658652510959655e-05 -1.1658652510959655e-05 -1.1658652510959655e-05 
1649076983.603506 -0.11970989258406917 -0.14087419809948187 0.019196869456209242 0.23226019150752109 0.520970189711079 0.520970189711079 1.0419287550030276 -0.3473251298710238 1.1774129065815941 0.06008193048910471 -0.3409688532992732 -1.1658652510959655e-05 -1.1658652510959655e-05 -1.1658652510959655e-05 -1.1658652510959655e-05 -1.1658652510959655e-05 
1649076983.6275702 -3.9798557007452473 -0.3544730306311976 0.02066370251122862 0.19326105868822196 0.578851887730707 0.520970189711079 0.17365671849256614 -1.1658652510959655e-05 1.1929659935776726 0.060244911939662416 -0.34508995569194667 -1.1658652510959655e-05 -1.1658652510959655e-05 -1.1658652510959655e-05 -1.1658652510959655e-05 -1.1658652510959655e-05 
1649076983.6433878 0.7138703780219657 -0.32993268079007976 0.02098966541234404 0.1643667758035008 1.3892655092859059 1.2734788301750086 -0.5788752050357289 -0.7525202991164406 1.2010917830411927 0.060244911939662416 -0.34674305326188914 -1.1658652510959655e-05 -1.1658652510959655e-05 -1.1658652510959655e-05 -1.1658652510959655e-05 -1.1658652510959655e-05 
1649076983.6920607 -0.8981558667583158 0.15640396779053845 0.02206068637315184 0.0700936481662211 4.515110033324163 3.067951167358842 -2.4891109382806462 -4.920328519874602 1.2399512174815754 0.06036132726148935 -0.3516324967786204 -1.1658652510959655e-05 -1.1658652510959655e-05 -1.1658652510959655e-05 -1.1658652510959655e-05 -1.1658652510959655e-05 
1649076983.7252698 -1.7627258960346808 0.5753361450115335 0.022456498467363417 0.05237523618416162 6.251677389424003 4.283559958159458 -3.646838031054358 -6.0201739146214095 1.2647476810307126 0.060407893390220124 -0.35314589596237056 -1.1658652510959655e-05 -1.1658652510959655e-05 -1.1658652510959655e-05 -1.1658652510959655e-05 -1.1658652510959655e-05 
1649076983.7506888 0.43093457978829974 1.1202064174212865 0.021781289600767195 0.03854509594384581 7.988268028580933 5.093973579714657 -5.209760293066211 -8.335604817104468 1.297087857441511 0.0608037054844317 -0.35512495643342845 -1.1658652510959655e-05 -1.1658652510959655e-05 -1.1658652510959655e-05 -1.1658652510959655e-05 -1.1658652510959655e-05 
1649076983.7747276 -1.0954565542342607 -1.2502656492360984 0.022642762982286513 0.03367893549147993 8.277699801772542 5.846482220178586 -4.341464973491384 -9.609095305931987 1.3052369299766724 0.06103653612808557 -0.35545091933454387 -1.1658652510959655e-05 -1.1658652510959655e-05 -1.1658652510959655e-05 -1.1658652510959655e-05 -1.1658652510959655e-05 
1649076983.783299 -0.7397378967798431 0.7944064976763912 0.023224839591421187 0.019639247679151595 10.072172138963651 6.714777539760689 -5.325523689120018 -10.245840550342109 1.3210461306807701 0.06150219741539331 -0.355939863686217 -1.1658652510959655e-05 -1.1658652510959655e-05 -1.1658652510959655e-05 -1.1658652510959655e-05 -1.1658652510959655e-05 
1649076983.8159678 -2.618285379408917 -1.904449908863171 0.023178273462690413 0.027555489563383162 10.824680779427581 7.351522784170811 -5.383405387146922 -12.503413037869905 1.3439799490879523 0.06252665224747034 -0.3568013370677363 -1.1658652510959655e-05 -1.1658652510959655e-05 -1.1658652510959655e-05 -1.1658652510959655e-05 -1.1658652510959655e-05 
1649076983.832327 -0.7884460674395086 3.585743235904374 0.02045415493194014 -0.013818515821185429 12.271839645392902 7.756717953416228 -6.599014177947538 -11.808762812361238 1.358648279638146 0.06285261514858576 -0.35673148787464015 -1.1658652510959655e-05 -1.1658652510959655e-05 -1.1658652510959655e-05 -1.1658652510959655e-05 -1.1658652510959655e-05 
1649076983.8532352 0.2863933161715977 -1.713645196345169 0.021781289600767195 -0.0001746401030686684 12.271839645392902 7.756717953416228 -6.772682555085339 -12.850726509088418 1.3728043827795773 0.06308544579223963 -0.35670820481027476 -1.1658652510959655e-05 -1.1658652510959655e-05 -1.1658652510959655e-05 -1.1658652510959655e-05 -1.1658652510959655e-05 
1649076983.8889296 0.9069102647190448 0.36625422696670284 0.024063029908575118 0.06243351999000879 13.140134964975005 8.798681650136132 -7.351546101475833 -13.48747175349854 1.392408722975233 0.0640167683668551 -0.3575231120630633 -1.1658652510959655e-05 -1.1658652510959655e-05 -1.1658652510959655e-05 -1.1658652510959655e-05 -1.1658652510959655e-05 
1649076983.9058218 1.1061667296016822 0.9305891411859193 0.022572913789190352 0.041036383830942214 13.545330134220421 8.682894971017959 -8.104054741939763 -13.545353451525443 1.398415753588779 0.06408661755995126 -0.3579189241572749 -1.1658652510959655e-05 -1.1658652510959655e-05 -1.1658652510959655e-05 -1.1658652510959655e-05 -1.1658652510959655e-05 
1649076983.936602 3.5840901383344317 0.46264611346123274 0.02229351701680571 0.02220038475934416 13.950525303465838 8.798681650136132 -8.856586665468058 -14.760962242326059 1.4202785510278773 0.06445914658979746 -0.35938575721229427 -1.1658652510959655e-05 -1.1658652510959655e-05 -1.1658652510959655e-05 -1.1658652510959655e-05 -1.1658652510959655e-05 
1649076983.9466655 0.4946370439065504 1.8057063986270805 0.02289887669030577 0.029674248420633376 13.31378005904844 8.451344895853254 -8.104054741939763 -13.603235149552347 1.430127287261712 0.06457556191162439 -0.3601773814079934 -1.1658652510959655e-05 -1.1658652510959655e-05 -1.1658652510959655e-05 -1.1658652510959655e-05 -1.1658652510959655e-05 
1649076984.0200746 1.0471674444852397 -2.116558625282778 0.02282902749720961 0.030768552445806563 13.950525303465838 8.161913122661645 -8.277723119077564 -14.124216997908661 1.4568096790317213 0.06462212804035516 -0.36131825156189734 -1.1658652510959655e-05 -1.1658652510959655e-05 -1.1658652510959655e-05 -1.1658652510959655e-05 -1.1658652510959655e-05 
1649076984.028428 -0.2627377570097451 -2.4191918959695613 0.023411104106344283 0.04506435396615416 13.545330134220421 8.39346319782635 -8.161936439966667 -13.892666922743956 1.4613731596473372 0.06462212804035516 -0.3621331588146859 -1.1658652510959655e-05 -1.1658652510959655e-05 -1.1658652510959655e-05 -1.1658652510959655e-05 -1.1658652510959655e-05 
1649076984.0774777 1.1131749319829396 3.3523537986475276 0.019569398486055434 -0.025879143169731833 12.213957947365998 6.483227464588708 -7.583096176640538 -12.734939829970244 1.469429099917761 0.06413318368868204 -0.36201674349285895 -1.1658652510959655e-05 -1.1658652510959655e-05 -1.1658652510959655e-05 -1.1658652510959655e-05 -1.1658652510959655e-05 
1649076984.1427894 2.533162461826578 2.2817984988796525 0.013655500129971188 -0.08855715245590545 9.145995121354645 4.457205052232894 -5.7307421414298005 -9.898527079123596 1.470383705556742 0.06336484256462427 -0.35943232334102504 -1.1658652510959655e-05 -1.1658652510959655e-05 -1.1658652510959655e-05 -1.1658652510959655e-05 -1.1658652510959655e-05 
1649076984.1822393 1.7439597119155223 -2.7022673925894196 0.009674096123490017 -0.09612414837465622 7.814599651443132 3.704696411768964 -5.672837160338531 -8.393486515131372 1.4635617676976835 0.06287589821295114 -0.3557070330425631 -1.1658652510959655e-05 -1.1658652510959655e-05 -1.1658652510959655e-05 -1.1658652510959655e-05 -1.1658652510959655e-05 
1649076984.231571 4.828523362819396 0.8868635462931707 0.0007101163428160362 -0.13344690055964747 6.0780322953432915 2.7785193941672333 -4.862446821847698 -6.772682555085339 1.450406836323964 0.062317104668181855 -0.34976985162938945 -1.1658652510959655e-05 -1.1658652510959655e-05 -1.1658652510959655e-05 -1.1658652510959655e-05 -1.1658652510959655e-05 
1649076984.257313 2.092996129897074 1.0469346138415858 -0.005948840065684635 -0.16087435038934927 4.225678260132554 2.3733242249218165 -3.588956333027454 -6.193819008702121 1.4367862436702126 0.062014424831431825 -0.34529950327123515 -1.1658652510959655e-05 -1.1658652510959655e-05 -1.1658652510959655e-05 -1.1658652510959655e-05 -1.1658652510959655e-05 
1649076984.2900155 -2.8835726148463436 -1.3347133237111848 -0.011839455350127537 -0.17924468818091555 2.604851017022156 1.5050289053397137 -3.76260142710089 -3.299524559828569 1.4199991542554926 0.06164189580158563 -0.33996768153156154 -1.1658652510959655e-05 -1.1658652510959655e-05 -1.1658652510959655e-05 -1.1658652510959655e-05 -1.1658652510959655e-05 
1649076984.3225114 3.350398021240835 -0.284693686713581 -0.017823202899307944 -0.16627602132211905 0.6367335857576109 -0.231561733817216 -0.5209935070161009 -2.1996791650817613 1.4012097213126253 0.06166517886595102 -0.33477555817808025 -1.1658652510959655e-05 -1.1658652510959655e-05 -1.1658652510959655e-05 -1.1658652510959655e-05 -1.1658652510959655e-05 
1649076984.3552296 0.962044561150833 -0.14962863030086737 -0.022340117386193015 -0.11582162083504954 -1.8523656938632485 -1.5629339206716395 0.9840470569761237 1.6207923013935215 1.3758777472758084 0.06166517886595102 -0.32886165982927196 -1.1658652510959655e-05 -1.1658652510959655e-05 -1.1658652510959655e-05 -1.1658652510959655e-05 -1.1658652510959655e-05 
1649076984.394433 1.0812072846019873 -0.773544906245661 -0.02259623109421227 -0.03416791408380959 -3.588956333027454 -2.3154658441999345 2.1417741497498355 3.067951167358842 1.3545970264385687 0.061851443380874116 -0.3269291654796689 -1.1658652510959655e-05 -1.1658652510959655e-05 -1.1658652510959655e-05 -1.1658652510959655e-05 -1.1658652510959655e-05 
1649076984.410509 1.667451562389033 -0.04559989868721459 -0.02238668351492379 0.000197888926777523 -3.936269804245967 -2.7206610134453513 2.604851017022156 4.399323354213266 1.3402080926607596 0.061851443380874116 -0.32681275015784195 -1.1658652510959655e-05 -1.1658652510959655e-05 -1.1658652510959655e-05 -1.1658652510959655e-05 -1.1658652510959655e-05 
1649076984.4237664 0.7984577508832444 -1.0785297664333484 -0.022409966579289176 0.009068736449989956 -4.630896746682993 -3.067974484663864 3.067951167358842 4.746636825431779 1.332710945935105 0.06182816031650873 -0.3269058824153035 -1.1658652510959655e-05 -1.1658652510959655e-05 -1.1658652510959655e-05 -1.1658652510959655e-05 -1.1658652510959655e-05 
1649076984.436924 1.621723623968137 -0.8993200199765852 -0.0223634004505584 0.0194529831642285 -5.2676419910931145 -3.183737880717672 3.704696411768964 5.3833820698419 1.3249809685585205 0.061851443380874116 -0.327115429994592 -1.1658652510959655e-05 -1.1658652510959655e-05 -1.1658652510959655e-05 -1.1658652510959655e-05 -1.1658652510959655e-05 
1649076984.453197 1.621723623968137 -0.8993200199765852 -0.0223634004505584 0.0194529831642285 -5.2676419910931145 -3.183737880717672 3.704696411768964 5.3833820698419 1.3249809685585205 0.061851443380874116 -0.327115429994592 -1.1658652510959655e-05 -1.1658652510959655e-05 -1.1658652510959655e-05 -1.1658652510959655e-05 -1.1658652510959655e-05 
1649076984.4748142 1.621723623968137 -0.8993200199765852 -0.0223634004505584 0.0194529831642285 -5.2676419910931145 -3.183737880717672 3.704696411768964 5.3833820698419 1.3249809685585205 0.061851443380874116 -0.327115429994592 -1.1658652510959655e-05 -1.1658652510959655e-05 -1.1658652510959655e-05 -1.1658652510959655e-05 -1.1658652510959655e-05 
1649076984.4907541 1.621723623968137 -0.8993200199765852 -0.0223634004505584 0.0194529831642285 -5.2676419910931145 -3.183737880717672 3.704696411768964 5.3833820698419 1.3249809685585205 0.061851443380874116 -0.327115429994592 -1.1658652510959655e-05 -1.1658652510959655e-05 -1.1658652510959655e-05 -1.1658652510959655e-05 -1.1658652510959655e-05 
1649076984.5096872 1.621723623968137 -0.8993200199765852 -0.0223634004505584 0.0194529831642285 -5.2676419910931145 -3.183737880717672 3.704696411768964 5.3833820698419 1.3249809685585205 0.061851443380874116 -0.327115429994592 -1.1658652510959655e-05 -1.1658652510959655e-05 -1.1658652510959655e-05 -1.1658652510959655e-05 -1.1658652510959655e-05 
1649076984.5243282 1.621723623968137 -0.8993200199765852 -0.0223634004505584 0.0194529831642285 -5.2676419910931145 -3.183737880717672 3.704696411768964 5.3833820698419 1.3249809685585205 0.061851443380874116 -0.327115429994592 -1.1658652510959655e-05 -1.1658652510959655e-05 -1.1658652510959655e-05 -1.1658652510959655e-05 -1.1658652510959655e-05 
1649076984.575254 2.635281982154993 2.179353015650122 -0.02529706656059716 0.0028987243931624107 -10.014290475177404 -6.656919159038807 5.90436391820549 10.130053836990555 1.2298463675397215 0.06103653612808557 -0.3276276574106305 -1.1658652510959655e-05 -1.1658652510959655e-05 -1.1658652510959655e-05 -1.1658652510959655e-05 -1.1658652510959655e-05 
1649076984.5839388 1.558416971944098 1.2955511751933955 -0.025809293976635672 0.01225851626804797 -10.245840550342109 -7.119996026311128 5.90436391820549 10.882562477454485 1.2142699974792777 0.06068729016260477 -0.3279536203117459 -1.1658652510959655e-05 -1.1658652510959655e-05 -1.1658652510959655e-05 -1.1658652510959655e-05 -1.1658652510959655e-05 
1649076984.600287 -1.8299906690008356 -4.283164180305903 -0.0268337488087127 0.009604246930393856 -11.345685945096193 -7.525191195549269 6.3674640685349 11.982407872201293 1.2069358322041808 0.06050102564768167 -0.32807003563357284 -1.1658652510959655e-05 -1.1658652510959655e-05 -1.1658652510959655e-05 -1.1658652510959655e-05 -1.1658652510959655e-05 
1649076984.616707 1.9844272007321706 3.2104668043757556 -0.026647484293789603 0.01072183401993243 -11.92454949147941 -8.798704967441154 7.351522784170811 10.824680779427581 1.1928262951914803 0.06019834581093164 -0.328139884826669 -1.1658652510959655e-05 -1.1658652510959655e-05 -1.1658652510959655e-05 -1.1658652510959655e-05 -1.1658652510959655e-05 
1649076984.6392064 0.31766247162158834 -1.2173433962161653 -0.023620685926289298 0.052654632956546266 -12.21398126467102 -9.319663532740378 7.583072859335516 13.082229983883735 1.1797412130181328 0.05968611839489313 -0.3289315090223681 -1.1658652510959655e-05 -1.1658652510959655e-05 -1.1658652510959655e-05 -1.1658652510959655e-05 -1.1658652510959655e-05 
1649076984.6492856 2.9371469117249944 -0.8761533709257492 -0.02345770447573159 0.059569703073066194 -12.561294735889533 -8.740799986349884 8.161913122661645 12.619153116611415 1.1735246348252986 0.05959298613743158 -0.3295135856315028 -1.1658652510959655e-05 -1.1658652510959655e-05 -1.1658652510959655e-05 -1.1658652510959655e-05 -1.1658652510959655e-05 
1649076984.666038 0.5046487615836668 0.16832489674561657 -0.02399321495613549 0.05719483050779672 -12.908608207108045 -8.335604817104468 8.451344895853254 13.024348285856831 1.1614174413552973 0.059639552266162354 -0.3309338525577914 -1.1658652510959655e-05 -1.1658652510959655e-05 -1.1658652510959655e-05 -1.1658652510959655e-05 -1.1658652510959655e-05 
1649076984.688222 -0.7961294786800863 -0.17619460674904985 -0.02445887624344323 0.02403974684420973 -12.96648990513495 -8.740799986349884 7.698836255389324 13.024348285856831 1.1503579857817385 0.059476570815604646 -0.3316090614243876 -1.1658652510959655e-05 -1.1658652510959655e-05 -1.1658652510959655e-05 -1.1658652510959655e-05 -1.1658652510959655e-05 
1649076984.698352 1.2589501980037312 -0.9191339077515295 -0.024714989951462485 0.020477437996305525 -13.95054862077086 -8.046173043912859 8.335581499799446 13.198016663001908 1.1453754100075457 0.05952313694433542 -0.3318186090036761 -1.1658652510959655e-05 -1.1658652510959655e-05 -1.1658652510959655e-05 -1.1658652510959655e-05 -1.1658652510959655e-05 
1649076984.7211742 -0.7797614844312193 -0.12564707399724284 -0.027113145581097342 -0.011303944869723637 -13.429590055471635 -8.104054741939763 7.930386330554029 12.734916512665222 1.136178599575942 0.05975596758798929 -0.33170219368184917 -1.1658652510959655e-05 -1.1658652510959655e-05 -1.1658652510959655e-05 -1.1658652510959655e-05 -1.1658652510959655e-05 
1649076984.7527273 8.904992122057592 -0.6583170206722571 -0.03074530362209771 -0.07733471542451298 -14.587293865180982 -8.104054741939763 8.856563348163036 12.734916512665222 1.1240015569128445 0.0602681950040278 -0.330188794498099 -1.1658652510959655e-05 -1.1658652510959655e-05 -1.1658652510959655e-05 -1.1658652510959655e-05 -1.1658652510959655e-05 
1649076984.7694554 -0.7071416066610254 1.0489136743199197 -0.03335300683102105 -0.09367942661629058 -14.008430318797764 -7.467309497529641 8.161913122661645 12.56127141858451 1.1180410924353055 0.06085027161316248 -0.32839599853468826 -1.1658652510959655e-05 -1.1658652510959655e-05 -1.1658652510959655e-05 -1.1658652510959655e-05 -1.1658652510959655e-05 
1649076984.802359 0.044319295906461775 0.07237538847402902 -0.03423776327690575 -0.05307376235577976 -12.908608207108045 -6.425369083866826 8.10403142463474 11.519307721864607 1.1108233424747596 0.06138578209356638 -0.32609097516251495 -1.1658652510959655e-05 -1.1658652510959655e-05 -1.1658652510959655e-05 -1.1658652510959655e-05 -1.1658652510959655e-05 
1649076984.8360317 3.3407355495291995 1.9457074646852561 -0.03319002538046334 0.015285314635548275 -11.461449341142725 -5.093996897019679 7.235736105052638 10.766799081400677 1.1061434465373168 0.06250336918310495 -0.3258115783901303 -1.1658652510959655e-05 -1.1658652510959655e-05 -1.1658652510959655e-05 -1.1658652510959655e-05 -1.1658652510959655e-05 
1649076984.8526554 0.20294681346422294 -0.6460002796229674 -0.03388851731142495 0.01768347027245909 -11.114135869924212 -4.80456512382807 7.177854407025734 10.014267157872382 1.105677785250009 0.06285261514858576 -0.325974559840688 -1.1658652510959655e-05 -1.1658652510959655e-05 -1.1658652510959655e-05 -1.1658652510959655e-05 -1.1658652510959655e-05 
1649076984.8687594 1.154898183332989 -2.5020563220678014 -0.03293391167244408 0.04050087335053831 -10.766822398705699 -4.688778444709897 7.930386330554029 9.435426894546254 1.1062598618591437 0.06376065465883585 -0.32662648564291885 -1.1658652510959655e-05 -1.1658652510959655e-05 -1.1658652510959655e-05 -1.1658652510959655e-05 -1.1658652510959655e-05 
1649076984.8842778 1.3147364202377503 3.2522133387901704 -0.03195602296909783 0.04075698705855757 -9.9564087771505 -3.76260142710089 7.525167878244247 8.277699801772542 1.107004919918836 0.06429616513923975 -0.3270455808014958 -1.1658652510959655e-05 -1.1658652510959655e-05 -1.1658652510959655e-05 -1.1658652510959655e-05 -1.1658652510959655e-05 
1649076984.9272864 3.24797582107567 3.4505384810981923 -0.028067751220078208 0.10192159716098104 -7.698859572694346 -3.067974484663864 6.483227464588708 7.583072859335516 1.1140131223000935 0.06632179173902841 -0.3314460799738299 -1.1658652510959655e-05 -1.1658652510959655e-05 -1.1658652510959655e-05 -1.1658652510959655e-05 -1.1658652510959655e-05 
1649076984.966978 -2.462428546510637 0.8216243999268045 -0.022782495609135367 0.12515809540491318 -6.656919159038807 -2.3154658441999345 6.0780322953432915 6.020150597316388 1.1273077520527295 0.06753251108602853 -0.33621910816873424 -1.1658652510959655e-05 -1.1658652510959655e-05 -1.1658652510959655e-05 -1.1658652510959655e-05 -1.1658652510959655e-05 
1649076985.0492697 -2.1442654718848644 -0.41316963591089007 -0.006903445704665501 0.24317994870216353 -3.125856182690768 -1.4471705246178317 2.6627559981134254 4.052009882987477 1.1596944945922587 0.06899934414104791 -0.3519817427441012 -1.1658652510959655e-05 -1.1658652510959655e-05 -1.1658652510959655e-05 -1.1658652510959655e-05 -1.1658652510959655e-05 
1649076985.09728 -6.27333067352447 -0.25263290707516717 0.007834734038624447 0.2910499290446751 0.520970189711079 0.17365671849256614 1.3892655092859059 0.057870039374392945 1.1933618056718842 0.06925545784906717 -0.3654859200833016 -1.1658652510959655e-05 -1.1658652510959655e-05 -1.1658652510959655e-05 -1.1658652510959655e-05 -1.1658652510959655e-05 
1649076985.1466525 -1.1567142965941457 -0.5927519114047755 0.008160696939739864 0.0846688464662293 3.415264638577355 1.9681057726120343 -1.2735021474800305 -2.778542711472255 1.231383049787837 0.06946500542835565 -0.37419378615595633 -1.1658652510959655e-05 -1.1658652510959655e-05 -1.1658652510959655e-05 -1.1658652510959655e-05 -1.1658652510959655e-05 
1649076985.2050502 -0.6724032746133162 0.11936061237793183 0.005040766314778011 -0.023178307703346945 5.730718824124779 3.994128184967849 -3.8204831251277938 -5.7886238394567044 1.2795324269100092 0.06993066671566339 -0.37521824098803336 -1.1658652510959655e-05 -1.1658652510959655e-05 -1.1658652510959655e-05 -1.1658652510959655e-05 -1.1658652510959655e-05 
1649076985.24698 1.2565986085028271 -0.6823917092333431 0.005296880022797268 0.016402901732362807 7.004209312952298 6.135913993370195 -4.515133350629185 -9.20390013668657 1.3119890186426346 0.07088527235464426 -0.37507854260184104 -1.1658652510959655e-05 -1.1658652510959655e-05 -1.1658652510959655e-05 -1.1658652510959655e-05 -1.1658652510959655e-05 
1649076985.261262 -0.9264680730339023 -0.47091163555160165 0.005017483250412624 0.009674096123490017 8.62501327299833 6.946327614925394 -4.109914898319403 -9.72488198505016 1.3200449589130585 0.07130436751322122 -0.37519495792366797 -1.1658652510959655e-05 -1.1658652510959655e-05 -1.1658652510959655e-05 -1.1658652510959655e-05 -1.1658652510959655e-05 
1649076985.2768111 -2.0139501605954138 -1.0021845983646926 0.002782309071335476 -0.0037602320153382607 8.451344895853254 6.830540935807221 -4.80456512382807 -10.998372473870404 1.3361335563968169 0.0720494255729136 -0.37505525953747565 -1.1658652510959655e-05 -1.1658652510959655e-05 -1.1658652510959655e-05 -1.1658652510959655e-05 -1.1658652510959655e-05 
1649076985.2919805 -1.8206075940615847 2.3824744692174136 0.00389989616087405 -0.02138551174721215 10.245817233037087 7.698836255389324 -4.7466601427368005 -10.94046749278641 1.35166336032853 0.07307388040499063 -0.3750086934087449 -1.1658652510959655e-05 -1.1658652510959655e-05 -1.1658652510959655e-05 -1.1658652510959655e-05 -1.1658652510959655e-05 
1649076985.3028526 -2.3440574472479057 0.36946728984912625 3.490747621981427e-05 -0.0393367543729255 10.824680779427581 7.119972709006106 -5.846505537483608 -11.808762812361238 1.3592303562472807 0.07332999411300989 -0.3746128813145333 -1.1658652510959655e-05 -1.1658652510959655e-05 -1.1658652510959655e-05 -1.1658652510959655e-05 -1.1658652510959655e-05 
1649076985.3193152 -3.23652058764128 -0.9292853238221142 0.0003143042486044578 -0.034680141499848105 10.766799081400677 7.64095455736242 -6.251700706729025 -13.48747175349854 1.3738521206760197 0.07395863685087534 -0.37398423857666785 -1.1658652510959655e-05 -1.1658652510959655e-05 -1.1658652510959655e-05 -1.1658652510959655e-05 -1.1658652510959655e-05 
1649076985.37521 2.1913437937982962 -0.24038601521897363 -0.005366763456549961 -0.06888296305987751 12.56127141858451 8.972326744216844 -8.046173043912859 -13.718998545598879 1.408054942236049 0.07607739570812555 -0.371586082947033 -1.1658652510959655e-05 -1.1658652510959655e-05 -1.1658652510959655e-05 -1.1658652510959655e-05 -1.1658652510959655e-05 
1649076985.390618 -2.590485400549369 -1.22574858245207 -0.006903445704665501 -0.08445933312759735 13.198016663001908 8.567131574971427 -7.930409647859051 -15.629257561900886 1.4194403607107233 0.07647320780233713 -0.36988641924835974 -1.1658652510959655e-05 -1.1658652510959655e-05 -1.1658652510959655e-05 -1.1658652510959655e-05 -1.1658652510959655e-05 
1649076985.4110868 1.8720398490186199 -0.2541928723876481 -0.007182842477050144 -0.08809149116859771 12.792798210692126 8.451344895853254 -7.872527949839423 -14.355767073080642 1.4247954655220383 0.076706038445991 -0.36900166280247504 -1.1658652510959655e-05 -1.1658652510959655e-05 -1.1658652510959655e-05 -1.1658652510959655e-05 -1.1658652510959655e-05 
1649076985.4410038 -0.2344255507341586 1.1246767657794408 -0.010861566646781284 -0.08606586456880905 13.198016663001908 8.682894971017959 -7.75674127072125 -14.818843940352963 1.4347373340060585 0.07714841666893335 -0.3673019991038018 -1.1658652510959655e-05 -1.1658652510959655e-05 -1.1658652510959655e-05 -1.1658652510959655e-05 -1.1658652510959655e-05 
1649076985.48292 -0.2344255507341586 1.1246767657794408 -0.010861566646781284 -0.08606586456880905 13.198016663001908 8.682894971017959 -7.75674127072125 -14.818843940352963 1.4347373340060585 0.07714841666893335 -0.3673019991038018 -1.1658652510959655e-05 -1.1658652510959655e-05 -1.1658652510959655e-05 -1.1658652510959655e-05 -1.1658652510959655e-05 
1649076985.5088177 -0.2344255507341586 1.1246767657794408 -0.010861566646781284 -0.08606586456880905 13.198016663001908 8.682894971017959 -7.75674127072125 -14.818843940352963 1.4347373340060585 0.07714841666893335 -0.3673019991038018 -1.1658652510959655e-05 -1.1658652510959655e-05 -1.1658652510959655e-05 -1.1658652510959655e-05 -1.1658652510959655e-05 
1649076985.5236318 -0.2344255507341586 1.1246767657794408 -0.010861566646781284 -0.08606586456880905 13.198016663001908 8.682894971017959 -7.75674127072125 -14.818843940352963 1.4347373340060585 0.07714841666893335 -0.3673019991038018 -1.1658652510959655e-05 -1.1658652510959655e-05 -1.1658652510959655e-05 -1.1658652510959655e-05 -1.1658652510959655e-05 
1649076985.553013 -0.2344255507341586 1.1246767657794408 -0.010861566646781284 -0.08606586456880905 13.198016663001908 8.682894971017959 -7.75674127072125 -14.818843940352963 1.4347373340060585 0.07714841666893335 -0.3673019991038018 -1.1658652510959655e-05 -1.1658652510959655e-05 -1.1658652510959655e-05 -1.1658652510959655e-05 -1.1658652510959655e-05 
1649076985.569696 2.397678310255287 0.8400413038471015 -0.01188602147885831 0.05298059585766168 13.892643605438934 8.046149726607837 -8.393486515131372 -13.371685074380366 1.4974386263565975 0.07787019166426035 -0.3640889362213784 -1.1658652510959655e-05 -1.1658652510959655e-05 -1.1658652510959655e-05 -1.1658652510959655e-05 -1.1658652510959655e-05 
1649076985.5903652 0.43971229505405063 -2.4160253992158687 -0.01135051099845441 0.07710185054020258 13.776880209385126 8.10403142463474 -8.161936439966667 -13.892666922743956 1.495785528786655 0.07784690859989496 -0.36485727734543616 -1.1658652510959655e-05 -1.1658652510959655e-05 -1.1658652510959655e-05 -1.1658652510959655e-05 -1.1658652510959655e-05 
1649076985.6049407 3.667979019257473 -4.79953598191787 -0.011117680354800541 0.0835978255054215 12.38760304144671 6.598990860642516 -6.714800857065711 -10.94046749278641 1.4919438231663662 0.07773049327806802 -0.3663706765291863 -1.1658652510959655e-05 -1.1658652510959655e-05 -1.1658652510959655e-05 -1.1658652510959655e-05 -1.1658652510959655e-05 
1649076985.6188338 1.6036559660133207 -2.065894677209144 -0.009813828750338871 0.0868108883878449 12.040289570228197 6.020150597316388 -7.525191195549269 -11.577236020260898 1.4867749828772503 0.07745109650568338 -0.36788407571293646 -1.1658652510959655e-05 -1.1658652510959655e-05 -1.1658652510959655e-05 -1.1658652510959655e-05 -1.1658652510959655e-05 
1649076985.6352673 1.2798118236823939 -0.4215049729536986 -0.00837027875968488 0.059942232102912385 11.63509440098278 5.614932145006605 -7.23575942235766 -10.361627229460282 1.4835153538588202 0.07717169973329874 -0.3684894353864365 -1.1658652510959655e-05 -1.1658652510959655e-05 -1.1658652510959655e-05 -1.1658652510959655e-05 -1.1658652510959655e-05 
1649076985.6518059 0.5968729795567924 -0.16557752939115744 -0.008626392467704136 0.06946500542835565 11.229875948672998 5.730718824124779 -6.367487385839922 -10.535272323540994 1.4755991119745886 0.07668275538162561 -0.36986313618399436 -1.1658652510959655e-05 -1.1658652510959655e-05 -1.1658652510959655e-05 -1.1658652510959655e-05 -1.1658652510959655e-05 
1649076985.71951 2.663757169881137 -2.212065755331423 -0.00844012795278104 0.04825413379148813 7.930386330554029 3.646814713749336 -4.688778444709897 -7.00423263025732 1.4466582629611366 0.07556516829208704 -0.3724708393929177 -1.1658652510959655e-05 -1.1658652510959655e-05 -1.1658652510959655e-05 -1.1658652510959655e-05 -1.1658652510959655e-05 
1649076985.7343485 1.1200900020994595 1.469661930561415 -0.008416844888415653 0.04490137251559645 7.525167878244247 3.125832865385746 -4.688778444709897 -6.714800857065711 1.4397897589733475 0.07533233764843317 -0.37293650068022544 -1.1658652510959655e-05 -1.1658652510959655e-05 -1.1658652510959655e-05 -1.1658652510959655e-05 -1.1658652510959655e-05 
1649076985.7608633 1.1791125702802674 -0.6201095120413811 -0.008579826338973362 0.03265448065940291 2.894282790213765 1.8523423765582265 -2.836424409499159 -3.2416428618089412 1.4187185857153963 0.07488995942549082 -0.3740308047053986 -1.1658652510959655e-05 -1.1658652510959655e-05 -1.1658652510959655e-05 -1.1658652510959655e-05 -1.1658652510959655e-05 
1649076985.798524 0.4795030520617729 -0.04515752046427224 -0.00874280778953107 0.02250306459609419 0.810401962902688 0.3473018125660019 -0.8683069782346138 -1.2156204494531266 1.3889395463847904 0.07451743039564462 -0.37507854260184104 -1.1658652510959655e-05 -1.1658652510959655e-05 -1.1658652510959655e-05 -1.1658652510959655e-05 -1.1658652510959655e-05 
1649076985.825986 2.8920708990990533 -0.5505862818317837 -0.012747494860377628 -0.0423635527404258 -1.5629339206716395 -1.7944839958363445 2.0838924517302075 0.9261653589564958 1.3647717255735188 0.07447086426691385 -0.3745663151858025 -1.1658652510959655e-05 -1.1658652510959655e-05 -1.1658652510959655e-05 -1.1658652510959655e-05 -1.1658652510959655e-05 
1649076985.8657358 2.4608219808287686 -0.5347537980560446 -0.014097912593570072 -0.0585452824816457 -3.8204831251277938 -2.778542711472255 2.9521877713050344 3.762578109795868 1.340417640240048 0.07465712878183695 -0.3726571039078408 -1.1658652510959655e-05 -1.1658652510959655e-05 -1.1658652510959655e-05 -1.1658652510959655e-05 -1.1658652510959655e-05 
1649076985.8979535 0.6981543095680536 -0.6268616007073433 -0.0186148270877311 -0.05270123332593357 -6.367487385839922 -4.862446821847698 4.457205052232894 6.020150597316388 1.3076118025419419 0.07470369491056772 -0.37079445875860984 -1.1658652510959655e-05 -1.1658652510959655e-05 -1.1658652510959655e-05 -1.1658652510959655e-05 -1.1658652510959655e-05 
1649076985.923984 3.5435776063241065 -0.6839982406745548 -0.01838199644407723 -0.03579772858938668 -7.351546101475833 -5.846505537483608 5.267618673788093 8.277699801772542 1.2829783204360865 0.07442429813818308 -0.369420757961052 -1.1658652510959655e-05 -1.1658652510959655e-05 -1.1658652510959655e-05 -1.1658652510959655e-05 -1.1658652510959655e-05 
1649076985.9566398 4.146958219498629 -0.6582704545435263 -0.017054861775250174 0.026903563761152327 -9.088113457568397 -6.309582404755929 6.020150597316388 9.956385459845478 1.2588104996175389 0.0738422215290484 -0.36988641924835974 -1.1658652510959655e-05 -1.1658652510959655e-05 -1.1658652510959655e-05 -1.1658652510959655e-05 -1.1658652510959655e-05 
1649076985.9893184 4.390801752648258 -1.9332277764260652 -0.015355198069300968 0.05167674425320001 -10.419508927487186 -7.75674127072125 7.235736105052638 10.824680779427581 1.2279138731973944 0.07339984330610605 -0.3720983103630715 -1.1658652510959655e-05 -1.1658652510959655e-05 -1.1658652510959655e-05 -1.1658652510959655e-05 -1.1658652510959655e-05 
1649076986.0286846 3.0124909080259386 -0.21328452829038724 -0.017194560161442496 -0.0002910554248956032 -12.040312887533219 -7.872527949839423 8.161913122661645 11.11411255261919 1.2066564354317961 0.07344640943483682 -0.3726803869722062 -1.1658652510959655e-05 -1.1658652510959655e-05 -1.1658652510959655e-05 -1.1658652510959655e-05 -1.1658652510959655e-05 
1649076986.060193 -0.04841714948270237 -0.5112611861040932 -0.017636938384384848 0.013399386421951931 -13.19803998030693 -8.277723119077564 7.467286180224619 13.198016663001908 1.1877040210310952 0.07335327717737528 -0.37256397165037924 -1.1658652510959655e-05 -1.1658652510959655e-05 -1.1658652510959655e-05 -1.1658652510959655e-05 -1.1658652510959655e-05 
1649076986.1036015 7.295387315971311 0.8582486601808341 -0.018870940795750357 -0.02152521013340447 -13.545353451525443 -8.68291828832298 8.451344895853254 13.66109353027423 1.1596013623347972 0.07356282475666376 -0.37237770713545615 -1.1658652510959655e-05 -1.1658652510959655e-05 -1.1658652510959655e-05 -1.1658652510959655e-05 -1.1658652510959655e-05 
1649076986.1203165 -0.6522168578085257 4.534993770299479 -0.020104943207115866 -0.008533260210242588 -13.48747175349854 -8.219841421057936 7.930386330554029 13.545330134220421 1.1501251551380847 0.07377237233595224 -0.3722380087492638 -1.1658652510959655e-05 -1.1658652510959655e-05 -1.1658652510959655e-05 -1.1658652510959655e-05 -1.1658652510959655e-05 
1649076986.1607594 -2.954539395046595 -5.1638460901303915 -0.02091985045990441 -0.012700928731646854 -13.95054862077086 -7.640977874667442 8.39346319782635 14.934584019094473 1.146050618874142 0.07374908927158685 -0.3721215934274369 -1.1658652510959655e-05 -1.1658652510959655e-05 -1.1658652510959655e-05 -1.1658652510959655e-05 -1.1658652510959655e-05 
1649076986.1677403 1.8094549719899078 1.0024406778320554 -0.02376038431248162 -0.03696188180765603 -13.776903526690148 -8.219841421057936 8.567131574971427 13.255898361028812 1.1386000382699422 0.07409833523706766 -0.37146966762520606 -1.1658652510959655e-05 -1.1658652510959655e-05 -1.1658652510959655e-05 -1.1658652510959655e-05 -1.1658652510959655e-05 
1649076986.1831992 -4.884682148323918 2.1883402784951613 -0.02445887624344323 -0.05109470188472187 -13.718998545598879 -7.351546101475833 7.583072859335516 12.908584889803024 1.132267044762557 0.0741914674945292 -0.3705150619862252 -1.1658652510959655e-05 -1.1658652510959655e-05 -1.1658652510959655e-05 -1.1658652510959655e-05 -1.1658652510959655e-05 
1649076986.1923351 -3.264786227788136 -0.8474919186846819 -0.024552008500904776 -0.04348113982996438 -13.545353451525443 -7.583096176640538 7.583072859335516 13.31378005904844 1.1297990399398259 0.07423803362325998 -0.37007268376328284 -1.1658652510959655e-05 -1.1658652510959655e-05 -1.1658652510959655e-05 -1.1658652510959655e-05 -1.1658652510959655e-05 
1649076986.201861 2.2554886361394892 0.9687733667524299 -0.025576463332981803 -0.02352755366882775 -13.024371603161853 -6.830564253112243 7.814599651443132 11.924526174174389 1.1260504665769986 0.0745639965243754 -0.3695604563472443 -1.1658652510959655e-05 -1.1658652510959655e-05 -1.1658652510959655e-05 -1.1658652510959655e-05 -1.1658652510959655e-05 
1649076986.2250195 -5.956680998082447 -0.303110590633878 -0.026088690749020316 -0.02122253029665444 -12.619176433916437 -6.251700706729025 7.525167878244247 11.461426023837703 1.1246534827150754 0.07482011023239465 -0.36935090876795584 -1.1658652510959655e-05 -1.1658652510959655e-05 -1.1658652510959655e-05 -1.1658652510959655e-05 -1.1658652510959655e-05 
1649076986.240204 4.643050472041068 -0.24122420553612756 -0.026857031873078085 -0.02390008269867394 -12.619176433916437 -6.193819008702121 7.525167878244247 11.11411255261919 1.122651139179652 0.07540218684152933 -0.3688619644162827 -1.1658652510959655e-05 -1.1658652510959655e-05 -1.1658652510959655e-05 -1.1658652510959655e-05 -1.1658652510959655e-05 
1649076986.255347 -4.859233758965274 -2.353463805251522 -0.026554352036328055 -0.00161819009372266 -11.750881114334334 -5.7886238394567044 7.062091010979202 10.477367308209068 1.122464874664729 0.07586784812883707 -0.3687222660300904 -1.1658652510959655e-05 -1.1658652510959655e-05 -1.1658652510959655e-05 -1.1658652510959655e-05 -1.1658652510959655e-05 
1649076986.299702 1.0078190657004598 0.655639434029581 -0.023178307703346945 0.0618747264452395 -10.245840550342109 -4.399346671518288 7.698836255389324 8.740776669044863 1.1243973690070561 0.07752094569877954 -0.37060819424368674 -1.1658652510959655e-05 -1.1658652510959655e-05 -1.1658652510959655e-05 -1.1658652510959655e-05 -1.1658652510959655e-05 
1649076986.3160691 3.337988147934084 3.0950992204161594 -0.023737101248116232 0.06164189580158563 -8.972350061521865 -3.8204831251277938 6.135913993370195 8.567131574971427 1.1269585060872487 0.07787019166426035 -0.3712368369815522 -1.1658652510959655e-05 -1.1658652510959655e-05 -1.1658652510959655e-05 -1.1658652510959655e-05 -1.1658652510959655e-05 
1649076986.3322563 -2.624967618881783 -2.0508771006934694 -0.023108458510250784 0.0781263053722796 -9.435450211851276 -3.415287955882377 6.193795691397099 7.814599651443132 1.1325930076636723 0.07838241908757482 -0.37270367003657157 -1.1658652510959655e-05 -1.1658652510959655e-05 -1.1658652510959655e-05 -1.1658652510959655e-05 -1.1658652510959655e-05 
1649076986.3538136 0.34699913272925187 -0.33298276222194545 -0.0223634004505584 0.0618747264452395 -7.351546101475833 -2.4312292402537423 5.614932145006605 6.714777539760689 1.1404626834191731 0.07933702472655568 -0.3739143893835717 -1.1658652510959655e-05 -1.1658652510959655e-05 -1.1658652510959655e-05 -1.1658652510959655e-05 -1.1658652510959655e-05 
1649076986.385962 -2.0071515058007208 -1.67464606352587 -0.01684531419596169 0.12313246880512452 -6.135937310675217 -2.9522110886100563 5.209736975761189 6.309559087450907 1.1538038793078158 0.08012864891497884 -0.3770808861372643 -1.1658652510959655e-05 -1.1658652510959655e-05 -1.1658652510959655e-05 -1.1658652510959655e-05 -1.1658652510959655e-05 
1649076986.402543 0.03617022337857634 0.007089675978932064 -0.01449372468778165 0.1627136782335583 -5.7307421414298005 -1.5629339206716395 4.109891581014381 5.730718824124779 1.165608392941067 0.08068744245974813 -0.3801542506334954 -1.1658652510959655e-05 -1.1658652510959655e-05 -1.1658652510959655e-05 -1.1658652510959655e-05 -1.1658652510959655e-05 
1649076986.4193661 -2.435350342646416 -1.8534367148240563 -0.012770777924743015 0.17209675317280926 -3.936269804245967 -2.0839157690352295 4.052009882987477 3.936246486940945 1.171871537255356 0.080920273103402 -0.38187719739653403 -1.1658652510959655e-05 -1.1658652510959655e-05 -1.1658652510959655e-05 -1.1658652510959655e-05 -1.1658652510959655e-05 
1649076986.430332 -2.435350342646416 -1.8534367148240563 -0.012770777924743015 0.17209675317280926 -3.936269804245967 -2.0839157690352295 4.052009882987477 3.936246486940945 1.171871537255356 0.080920273103402 -0.38187719739653403 -1.1658652510959655e-05 -1.1658652510959655e-05 -1.1658652510959655e-05 -1.1658652510959655e-05 -1.1658652510959655e-05 
1649076986.451807 -2.435350342646416 -1.8534367148240563 -0.012770777924743015 0.17209675317280926 -3.936269804245967 -2.0839157690352295 4.052009882987477 3.936246486940945 1.171871537255356 0.080920273103402 -0.38187719739653403 -1.1658652510959655e-05 -1.1658652510959655e-05 -1.1658652510959655e-05 -1.1658652510959655e-05 -1.1658652510959655e-05 
1649076986.4676092 -2.435350342646416 -1.8534367148240563 -0.012770777924743015 0.17209675317280926 -3.936269804245967 -2.0839157690352295 4.052009882987477 3.936246486940945 1.171871537255356 0.080920273103402 -0.38187719739653403 -1.1658652510959655e-05 -1.1658652510959655e-05 -1.1658652510959655e-05 -1.1658652510959655e-05 -1.1658652510959655e-05 
1649076986.4837697 -2.435350342646416 -1.8534367148240563 -0.012770777924743015 0.17209675317280926 -3.936269804245967 -2.0839157690352295 4.052009882987477 3.936246486940945 1.171871537255356 0.080920273103402 -0.38187719739653403 -1.1658652510959655e-05 -1.1658652510959655e-05 -1.1658652510959655e-05 -1.1658652510959655e-05 -1.1658652510959655e-05 
1649076986.5035465 -2.435350342646416 -1.8534367148240563 -0.012770777924743015 0.17209675317280926 -3.936269804245967 -2.0839157690352295 4.052009882987477 3.936246486940945 1.171871537255356 0.080920273103402 -0.38187719739653403 -1.1658652510959655e-05 -1.1658652510959655e-05 -1.1658652510959655e-05 -1.1658652510959655e-05 -1.1658652510959655e-05 
1649076986.5121 -2.435350342646416 -1.8534367148240563 -0.012770777924743015 0.17209675317280926 -3.936269804245967 -2.0839157690352295 4.052009882987477 3.936246486940945 1.171871537255356 0.080920273103402 -0.38187719739653403 -1.1658652510959655e-05 -1.1658652510959655e-05 -1.1658652510959655e-05 -1.1658652510959655e-05 -1.1658652510959655e-05 
1649076986.5522199 -2.435350342646416 -1.8534367148240563 -0.012770777924743015 0.17209675317280926 -3.936269804245967 -2.0839157690352295 4.052009882987477 3.936246486940945 1.171871537255356 0.080920273103402 -0.38187719739653403 -1.1658652510959655e-05 -1.1658652510959655e-05 -1.1658652510959655e-05 -1.1658652510959655e-05 -1.1658652510959655e-05 
1649076986.5698297 0.690657162842399 -0.21912857744609937 0.011210778371605556 0.0884174198290566 1.1577154341212008 0.8682836609295919 -0.463111808989197 -1.2156204494531266 1.2513366359562497 0.08154891584126744 -0.4129600883316016 -1.1658652510959655e-05 -1.1658652510959655e-05 -1.1658652510959655e-05 -1.1658652510959655e-05 -1.1658652510959655e-05 
1649076986.5774984 0.5451845766510814 -0.1750537365951459 0.011071079985413235 0.042107404791750014 3.067951167358842 3.067951167358842 -2.836424409499159 -3.0100927866369602 1.2711272406741045 0.08164204809872899 -0.41407767542114016 -1.1658652510959655e-05 -1.1658652510959655e-05 -1.1658652510959655e-05 -1.1658652510959655e-05 -1.1658652510959655e-05 
1649076986.5994647 -4.837813339749118 0.825745502319478 0.008696207420143764 -0.0015716239649918862 6.251677389424003 2.5469693189952523 -1.4471705246178317 -5.383405387146922 1.2896139937802218 0.08164204809872899 -0.41428722300042864 -1.1658652510959655e-05 -1.1658652510959655e-05 -1.1658652510959655e-05 -1.1658652510959655e-05 -1.1658652510959655e-05 
1649076986.610119 -1.655926479768823 1.7053331081187935 0.0061350703399511985 -0.0494416043147794 7.409404482197715 2.4312059229487204 -2.0260340710083256 -4.920328519874602 1.2988108042118256 0.0814557835838059 -0.4137982786487555 -1.1658652510959655e-05 -1.1658652510959655e-05 -1.1658652510959655e-05 -1.1658652510959655e-05 -1.1658652510959655e-05 
1649076986.6311245 -2.6975642135876114 -1.6612117353797657 0.004365557448181789 -0.07430791705701267 4.457205052232894 4.515110033324163 -3.067974484663864 -7.467309497529641 1.3174139726397698 0.0818050295492867 -0.41226159640064 -1.1658652510959655e-05 -1.1658652510959655e-05 -1.1658652510959655e-05 -1.1658652510959655e-05 -1.1658652510959655e-05 
1649076986.6635516 -1.1649565013794927 1.0403455066261813 0.00389989616087405 -0.04087343662104104 7.583072859335516 5.5570504469869775 -3.936269804245967 -7.75674127072125 1.343421155543183 0.08334171179740224 -0.41070163108815905 -1.1658652510959655e-05 -1.1658652510959655e-05 -1.1658652510959655e-05 -1.1658652510959655e-05 -1.1658652510959655e-05 
1649076986.6798468 0.18234130150085548 -0.7750583054294111 0.0022700816552969627 -0.030628888300270773 8.219818103752914 6.193795691397099 -4.920328519874602 -10.419508927487186 1.3599521312426077 0.08390050534217153 -0.4100729883502936 -1.1658652510959655e-05 -1.1658652510959655e-05 -1.1658652510959655e-05 -1.1658652510959655e-05 -1.1658652510959655e-05 
1649076986.6918526 -2.3231026893117814 -0.9673997001955286 0.0030151397149893455 -0.03472670762857888 9.261758517408452 6.3674640685349 -5.2676419910931145 -10.014290475177404 1.367728674747923 0.08411005292146001 -0.4097237423848128 -1.1658652510959655e-05 -1.1658652510959655e-05 -1.1658652510959655e-05 -1.1658652510959655e-05 -1.1658652510959655e-05 
1649076986.7082245 1.959607454118668 -0.5074194804838044 0.001990684882912319 -0.006717181189742405 9.551190290600061 7.293641086143907 -5.672837160338531 -11.577236020260898 1.3823970052981167 0.08464556340186391 -0.40923479803313967 -1.1658652510959655e-05 -1.1658652510959655e-05 -1.1658652510959655e-05 -1.1658652510959655e-05 -1.1658652510959655e-05 
1649076986.7244196 -0.42245957859267946 -0.5563604817943997 0.0035273671310278587 0.02497106941882521 10.477367308209068 7.930386330554029 -5.672837160338531 -13.371685074380366 1.3957382011867594 0.08564673516957555 -0.409677176256082 -1.1658652510959655e-05 -1.1658652510959655e-05 -1.1658652510959655e-05 -1.1658652510959655e-05 -1.1658652510959655e-05 
1649076986.745287 2.0787003283694503 2.543104330310598 0.0023399308483931236 0.003410951809200924 11.229875948672998 8.10403142463474 -6.48325078189373 -11.114135869924212 1.4020013455010485 0.08587956581322942 -0.4097237423848128 -1.1658652510959655e-05 -1.1658652510959655e-05 -1.1658652510959655e-05 -1.1658652510959655e-05 -1.1658652510959655e-05 
1649076986.7645166 1.631292963422311 -0.5038338885715348 0.00015132279804674909 -0.009138619883742649 11.519307721864607 7.409404482197715 -6.830564253112243 -12.329744660724828 1.4137127268768381 0.08606583032815251 -0.40963061012735125 -1.1658652510959655e-05 -1.1658652510959655e-05 -1.1658652510959655e-05 -1.1658652510959655e-05 -1.1658652510959655e-05 
1649076986.7979903 -2.156209683904308 2.1820305680521415 -0.0014319255787995644 -0.031304097166866995 12.0981712682551 7.409404482197715 -6.656919159038807 -11.982431189506315 1.4294287953307503 0.08625209484307561 -0.40876913674583193 -1.1658652510959655e-05 -1.1658652510959655e-05 -1.1658652510959655e-05 -1.1658652510959655e-05 -1.1658652510959655e-05 
1649076986.878902 1.8818885852451785 -0.06224728971574223 -0.0020372852522996254 0.017799885594286025 10.65103568534687 5.44128705093317 -5.7307421414298005 -10.651059002651891 1.4578574169281637 0.0866246238729218 -0.4088622690032935 -1.1658652510959655e-05 -1.1658652510959655e-05 -1.1658652510959655e-05 -1.1658652510959655e-05 -1.1658652510959655e-05 
1649076986.904259 -2.0398176451126346 -1.3155979278599261 -0.0013620763857034035 0.018801057361997664 9.956385459845478 5.499168748960074 -6.135937310675217 -9.72488198505016 1.4607445169094717 0.08632194403617177 -0.40960732706298586 -1.1658652510959655e-05 -1.1658652510959655e-05 -1.1658652510959655e-05 -1.1658652510959655e-05 -1.1658652510959655e-05 
1649076986.9206727 2.0229373892070726 3.177986929578765 -0.0019208699304726906 0.023341254913248122 9.319640215435356 5.499168748960074 -5.672837160338531 -9.088113457568397 1.461117045939318 0.086275377907441 -0.40984015770663973 -1.1658652510959655e-05 -1.1658652510959655e-05 -1.1658652510959655e-05 -1.1658652510959655e-05 -1.1658652510959655e-05 
1649076986.9429548 0.7731490599107929 -1.4596269640605897 -0.0017811715442803688 0.02466838958207518 9.088090140263375 4.457205052232894 -5.4991920662650955 -8.393486515131372 1.4613265935186064 0.0859028488775948 -0.41035238512267824 -1.1658652510959655e-05 -1.1658652510959655e-05 -1.1658652510959655e-05 -1.1658652510959655e-05 -1.1658652510959655e-05 
1649076986.992879 1.2605101633162121 -0.3711902708528214 -0.0032247215349343605 0.007788167909893673 8.451344895853254 3.473146336604259 -5.557073764291999 -7.119996026311128 1.4568795282248175 0.08487839404551778 -0.41086461253871676 -1.1658652510959655e-05 -1.1658652510959655e-05 -1.1658652510959655e-05 -1.1658652510959655e-05 -1.1658652510959655e-05 
1649076987.0027704 3.087671922883601 -0.7419265048301895 -0.0007334336478379555 0.03486637177411467 6.541109162615612 2.9521877713050344 -4.225701577437576 -5.672837160338531 1.4503137040665024 0.08436616662947927 -0.41137683995475527 -1.1658652510959655e-05 -1.1658652510959655e-05 -1.1658652510959655e-05 -1.1658652510959655e-05 -1.1658652510959655e-05 
1649076987.1082702 1.8403283153456869 -1.215224637358915 -0.0015716239649918862 0.0038067639034125023 1.5050289053397137 -0.6946386010895367 -1.5629339206716395 -0.11577505470631877 1.3967859390832018 0.0818050295492867 -0.41447348751535174 -1.1658652510959655e-05 -1.1658652510959655e-05 -1.1658652510959655e-05 -1.1658652510959655e-05 -1.1658652510959655e-05 
1649076987.124008 3.562925832819019 0.4000146703037899 -0.00108267961331876 0.021804572665132582 0.4051835105929058 -1.1577387514262227 -0.3473251298710238 0.2315384165121941 1.3898941520237713 0.08154891584126744 -0.4147063181590056 -1.1658652510959655e-05 -1.1658652510959655e-05 -1.1658652510959655e-05 -1.1658652510959655e-05 -1.1658652510959655e-05 
1649076987.1404686 1.8687103708143695 0.21572921580809634 -0.0005471691329148598 0.0453437507385388 -0.6946386010895367 -1.3892888265909278 0.3473018125660019 1.2734788301750086 1.3752723876023083 0.08115310374705587 -0.4155910746048903 -1.1658652510959655e-05 -1.1658652510959655e-05 -1.1658652510959655e-05 -1.1658652510959655e-05 -1.1658652510959655e-05 
1649076987.1712277 2.2955122237908654 0.2502347172048758 -0.00108267961331876 0.02925515326205641 -3.0100927866369602 -3.531051351936185 1.8523423765582265 2.7785193941672333 1.3531534764479147 0.08071072552411351 -0.4166853786300635 -1.1658652510959655e-05 -1.1658652510959655e-05 -1.1658652510959655e-05 -1.1658652510959655e-05 -1.1658652510959655e-05 
1649076987.1984613 1.1722440662852023 -0.33908292508567683 -0.0032945707280305214 -0.007275974734511692 -5.036091915928409 -3.2416428618089412 3.18371456341265 4.341441656186362 1.3288459572431748 0.08061759326665197 -0.41675522782315966 -1.1658652510959655e-05 -1.1658652510959655e-05 -1.1658652510959655e-05 -1.1658652510959655e-05 -1.1658652510959655e-05 
1649076987.2228055 2.906180436111754 0.288698339543771 -0.0037136658866074868 -0.019476300469250418 -6.309582404755929 -4.225701577437576 4.16779656210565 6.135913993370195 1.3126642275092308 0.08066415939538274 -0.41640598185767885 -1.1658652510959655e-05 -1.1658652510959655e-05 -1.1658652510959655e-05 -1.1658652510959655e-05 -1.1658652510959655e-05 
1649076987.2380595 1.0253046470461413 -1.6134581703590811 -0.0038533642727998085 -0.00790461747237714 -6.599014177947538 -5.093996897019679 4.457205052232894 6.830540935807221 1.2960168364807032 0.08052446100919042 -0.4161265850852942 -1.1658652510959655e-05 -1.1658652510959655e-05 -1.1658652510959655e-05 -1.1658652510959655e-05 -1.1658652510959655e-05 
1649076987.2693708 4.232150952026132 1.4953198674993473 -0.0018975868661073036 0.04841711524204584 -8.104054741939763 -6.946350932230416 6.656895841733785 9.030208442243747 1.271872298733797 0.08036147955863271 -0.4169880584668135 -1.1658652510959655e-05 -1.1658652510959655e-05 -1.1658652510959655e-05 -1.1658652510959655e-05 -1.1658652510959655e-05 
1649076987.2800732 -1.0712654503513477 -2.179190068440221 -0.0008265659052995034 0.08057102713792119 -9.146018438659667 -6.599014177947538 5.846482220178586 10.824680779427581 1.255923399636231 0.07989581827132497 -0.4184781745861983 -1.1658652510959655e-05 -1.1658652510959655e-05 -1.1658652510959655e-05 -1.1658652510959655e-05 -1.1658652510959655e-05 
1649076987.2963858 -1.9367435191452387 2.030737215769477 -0.000407470746722538 0.07882479731051717 -10.187958852322481 -7.177877724330756 6.425345766561804 11.056230854592286 1.2482399883956532 0.07968627069203649 -0.41926979877462145 -1.1658652510959655e-05 -1.1658652510959655e-05 -1.1658652510959655e-05 -1.1658652510959655e-05 -1.1658652510959655e-05 
1649076987.385734 5.097885134528042 -0.4554516808129847 0.012631045297894161 0.17631098783022026 -12.561294735889533 -9.088113457568397 8.39346319782635 13.140134964975005 1.1906842532698647 0.07784690859989496 -0.4308414817714947 -1.1658652510959655e-05 -1.1658652510959655e-05 -1.1658652510959655e-05 -1.1658652510959655e-05 -1.1658652510959655e-05 
1649076987.3944607 2.048548760008998 -0.9669340389082208 0.01584410818759352 0.18418066358572105 -12.792821527997148 -9.49333190987818 8.161913122661645 15.224015792286082 1.1786236259285943 0.07728811505512567 -0.4346831873917836 -1.1658652510959655e-05 -1.1658652510959655e-05 -1.1658652510959655e-05 -1.1658652510959655e-05 -1.1658652510959655e-05 
1649076987.4195085 1.955928729941661 -0.24189941440272378 0.016426184796728194 0.17682321524625877 -13.718998545598879 -10.014290475177404 8.509249876944523 13.892643605438934 1.17385059773369 0.0770552844114718 -0.436452700283553 -1.1658652510959655e-05 -1.1658652510959655e-05 -1.1658652510959655e-05 -1.1658652510959655e-05 -1.1658652510959655e-05 
1649076987.4338665 1.955928729941661 -0.24189941440272378 0.016426184796728194 0.17682321524625877 -13.718998545598879 -10.014290475177404 8.509249876944523 13.892643605438934 1.17385059773369 0.0770552844114718 -0.436452700283553 -1.1658652510959655e-05 -1.1658652510959655e-05 -1.1658652510959655e-05 -1.1658652510959655e-05 -1.1658652510959655e-05 
1649076987.4435422 1.955928729941661 -0.24189941440272378 0.016426184796728194 0.17682321524625877 -13.718998545598879 -10.014290475177404 8.509249876944523 13.892643605438934 1.17385059773369 0.0770552844114718 -0.436452700283553 -1.1658652510959655e-05 -1.1658652510959655e-05 -1.1658652510959655e-05 -1.1658652510959655e-05 -1.1658652510959655e-05 
1649076987.4844368 1.955928729941661 -0.24189941440272378 0.016426184796728194 0.17682321524625877 -13.718998545598879 -10.014290475177404 8.509249876944523 13.892643605438934 1.17385059773369 0.0770552844114718 -0.436452700283553 -1.1658652510959655e-05 -1.1658652510959655e-05 -1.1658652510959655e-05 -1.1658652510959655e-05 -1.1658652510959655e-05 
1649076987.509221 1.955928729941661 -0.24189941440272378 0.016426184796728194 0.17682321524625877 -13.718998545598879 -10.014290475177404 8.509249876944523 13.892643605438934 1.17385059773369 0.0770552844114718 -0.436452700283553 -1.1658652510959655e-05 -1.1658652510959655e-05 -1.1658652510959655e-05 -1.1658652510959655e-05 -1.1658652510959655e-05 
1649076987.548349 0.562367478160013 -1.2498465540775214 0.02150189282838255 0.014982634798798244 -14.008430318797764 -8.68291828832298 8.219818103752914 14.760938925021037 1.1066789570177207 0.07661290618852945 -0.4496774808430928 -1.1658652510959655e-05 -1.1658652510959655e-05 -1.1658652510959655e-05 -1.1658652510959655e-05 -1.1658652510959655e-05 
1649076987.5908294 -9.470793903572485 -2.3436849182180595 0.021781289600767195 0.03586754354182631 -11.808762812361238 -6.888445951139147 6.714777539760689 12.271839645392902 1.1143856513299397 0.07679917070345255 -0.4510977477693814 -1.1658652510959655e-05 -1.1658652510959655e-05 -1.1658652510959655e-05 -1.1658652510959655e-05 -1.1658652510959655e-05 
1649076987.612652 4.399160372762708 -2.5066896518765134 0.023387821041978896 0.043085293495096266 -12.21398126467102 -7.988291345885955 6.946327614925394 13.255898361028812 1.122581289986556 0.07642664167360635 -0.45184280582907377 -1.1658652510959655e-05 -1.1658652510959655e-05 -1.1658652510959655e-05 -1.1658652510959655e-05 -1.1658652510959655e-05 
1649076987.6462898 0.6111454980200506 3.1004543252201984 0.024947786354459822 0.06210755708889337 -9.435450211851276 -6.251700706729025 6.0780322953432915 10.766799081400677 1.1359224858679227 0.07614724490122171 -0.4536123187208432 -1.1658652510959655e-05 -1.1658652510959655e-05 -1.1658652510959655e-05 -1.1658652510959655e-05 -1.1658652510959655e-05 
1649076987.6805668 -1.5812111262057442 -0.9330106141205761 0.028323830687440932 0.10364454392401967 -8.509273194249545 -5.557073764291999 4.804541806523048 9.493308592573158 1.1534779164067004 0.07547203603462549 -0.456313154194504 -1.1658652510959655e-05 -1.1658652510959655e-05 -1.1658652510959655e-05 -1.1658652510959655e-05 -1.1658652510959655e-05 
1649076987.705343 0.09351641092507634 -1.067377178602328 0.031746441149152815 0.11363297854404664 -2.3154658441999345 -4.630896746682993 4.16779656210565 5.209736975761189 1.1809752154294983 0.07451743039564462 -0.46108618238940835 -1.1658652510959655e-05 -1.1658652510959655e-05 -1.1658652510959655e-05 -1.1658652510959655e-05 -1.1658652510959655e-05 
1649076987.7646434 -4.904030374818831 -1.3050506997024058 0.010791683213028591 -0.2937507987517165 0.11575173740129685 -2.4312292402537423 -0.17368003579758806 1.1577154341212008 1.21471237570222 0.07018678042368265 -0.4551257179118693 -1.1658652510959655e-05 -1.1658652510959655e-05 -1.1658652510959655e-05 -1.1658652510959655e-05 -1.1658652510959655e-05 
1649076987.7795107 -3.3597112812276464 0.6711226718325634 0.008440093712124508 -0.3312365323945414 1.6207923013935215 -1.5050522226447356 -0.5788752050357289 0.578851887730707 1.222349220814067 0.06981425139383646 -0.4518195227647084 -1.1658652510959655e-05 -1.1658652510959655e-05 -1.1658652510959655e-05 -1.1658652510959655e-05 -1.1658652510959655e-05 
1649076987.7868197 -3.2014562926997314 0.8632778020910337 0.004528538898739498 -0.2631335691039567 3.820459807822772 -0.6946386010895367 -1.9681290899170563 -0.8683069782346138 1.2381584215254406 0.06881307962612482 -0.4461151719951886 -1.1658652510959655e-05 -1.1658652510959655e-05 -1.1658652510959655e-05 -1.1658652510959655e-05 -1.1658652510959655e-05 
1649076987.807636 -1.7420505348782171 1.2343167158978758 0.0024563461702200584 -0.23386675718938932 5.672813843033509 -0.3473251298710238 -2.3733475422268384 -1.2156204494531266 1.246121229538403 0.06809130463079782 -0.4437868655586499 -1.1658652510959655e-05 -1.1658652510959655e-05 -1.1658652510959655e-05 -1.1658652510959655e-05 -1.1658652510959655e-05 
1649076987.8264558 -1.6485457483649952 -0.3719353289125138 0.003993028418335598 -0.12047823370812694 3.0100694693319383 1.9102240745851304 -2.1417974670548574 -3.299524559828569 1.2623495254010777 0.06757907721475931 -0.44078335025551496 -1.1658652510959655e-05 -1.1658652510959655e-05 -1.1658652510959655e-05 -1.1658652510959655e-05 -1.1658652510959655e-05 
1649076987.8426466 -1.258065475798503 0.6525893525977153 0.0031781211655470543 -0.043946801117272116 4.341441656186362 2.4312059229487204 -2.0839157690352295 -4.109914898319403 1.2796721252962016 0.06771877560095163 -0.43954934784414945 -1.1658652510959655e-05 -1.1658652510959655e-05 -1.1658652510959655e-05 -1.1658652510959655e-05 -1.1658652510959655e-05 
1649076987.8568864 -0.9333365770216915 -0.12443635465024272 0.002642610685143154 -0.00606525538751157 5.3833820698419 3.473146336604259 -3.125856182690768 -5.209760293066211 1.2883101421757601 0.06774205866531702 -0.4394794986510533 -1.1658652510959655e-05 -1.1658652510959655e-05 -1.1658652510959655e-05 -1.1658652510959655e-05 -1.1658652510959655e-05 
1649076987.8686848 -1.105584687233204 -0.0196858480485389 0.003410951809200924 0.003853330032143276 6.193795691397099 3.936246486940945 -3.704719729073986 -6.309582404755929 1.30539991142723 0.06783519092277857 -0.43954934784414945 -1.1658652510959655e-05 -1.1658652510959655e-05 -1.1658652510959655e-05 -1.1658652510959655e-05 -1.1658652510959655e-05 
1649076987.8907056 -0.5585723729091114 -1.034874020740972 0.0032014042299124412 0.018777774297632277 6.425345766561804 4.862423504542676 -3.994151502272871 -7.23575942235766 1.322722511315078 0.06799817237333627 -0.4398054615521687 -1.1658652510959655e-05 -1.1658652510959655e-05 -1.1658652510959655e-05 -1.1658652510959655e-05 -1.1658652510959655e-05 
1649076987.9063532 0.5169887857045978 0.6024841980688507 0.004179292933258694 0.040407741093076766 7.583072859335516 5.672813843033509 -5.383405387146922 -7.583096176640538 1.3312208298157202 0.06804473850206705 -0.4402245567107457 -1.1658652510959655e-05 -1.1658652510959655e-05 -1.1658652510959655e-05 -1.1658652510959655e-05 -1.1658652510959655e-05 
1649076987.922031 -1.541839464349323 -1.4647492382209748 0.005762541310105007 0.06324842724279733 9.145995121354645 5.672813843033509 -4.630896746682993 -9.261781834713474 1.3478915039013373 0.06809130463079782 -0.44134214380028425 -1.1658652510959655e-05 -1.1658652510959655e-05 -1.1658652510959655e-05 -1.1658652510959655e-05 -1.1658652510959655e-05 
1649076987.958067 -0.3699562684414559 0.4913774148953962 0.004551821963104885 0.04483152332250029 10.65103568534687 6.888422633834125 -5.614955462311627 -10.94046749278641 1.371710078754404 0.06876651349739404 -0.44327463814261137 -1.1658652510959655e-05 -1.1658652510959655e-05 -1.1658652510959655e-05 -1.1658652510959655e-05 -1.1658652510959655e-05 
1649076987.9906356 0.7497262971519376 0.28539214440388605 0.0017112881105276756 -0.02995367943367455 12.503389720564883 7.872504632534401 -6.541132479920634 -12.15607628357975 1.400650927767856 0.06993066671566339 -0.44350746878626524 0.06993066671566339 -1.1658652510959655e-05 -1.1658652510959655e-05 -1.1658652510959655e-05 -1.1658652510959655e-05 
1649076988.0074894 -0.7989932956043049 -2.3882719864850515 0.0011757776301237755 -0.01945301740488503 11.056230854592286 7.583072859335516 -6.830564253112243 -13.140158282280026 1.4071236196614336 0.07018678042368265 -0.44332120427134214 -1.1658652510959655e-05 -1.1658652510959655e-05 -1.1658652510959655e-05 -1.1658652510959655e-05 -1.1658652510959655e-05 
1649076988.015888 2.3056170737327193 2.4068518376152497 0.00036087037733523175 -0.06254996955249226 12.503389720564883 8.39346319782635 -6.425369083866826 -13.371685074380366 1.4189514163590502 0.07086198929027887 -0.4423433155679959 -1.1658652510959655e-05 -1.1658652510959655e-05 -1.1658652510959655e-05 -1.1658652510959655e-05 -1.1658652510959655e-05 
1649076988.032175 -1.2083794164354913 2.569879854338069 -0.0015017747718957253 -0.04948817044351017 12.56127141858451 8.91444504618994 -7.293664403448929 -13.603235149552347 1.4298013243605965 0.07142078283504816 -0.44134214380028425 -1.1658652510959655e-05 -1.1658652510959655e-05 -1.1658652510959655e-05 -1.1658652510959655e-05 -1.1658652510959655e-05 
1649076988.056123 1.0147341358169797 -0.35170234597171657 -0.0031781554062035866 -0.07097843885276234 11.692976099009684 8.219818103752914 -6.772682555085339 -12.908608207108045 1.4348071831991547 0.0717001796074328 -0.44064365186932264 -1.1658652510959655e-05 -1.1658652510959655e-05 -1.1658652510959655e-05 -1.1658652510959655e-05 -1.1658652510959655e-05 
1649076988.087505 -1.073756738238444 -0.5814596251875628 -0.004388874753203709 -0.029022356859059073 11.86662119308312 8.10403142463474 -6.656919159038807 -13.313803376353462 1.4519668016364449 0.0731204465337214 -0.4387344405913609 -1.1658652510959655e-05 -1.1658652510959655e-05 -1.1658652510959655e-05 -1.1658652510959655e-05 -1.1658652510959655e-05 
1649076988.103841 2.645037586131366 -0.4820875064469874 -0.004388874753203709 -0.024179479471058585 11.287780929764267 7.814599651443132 -6.48325078189373 -12.329744660724828 1.4552031475832337 0.07337656024174066 -0.43847832688334165 -1.1658652510959655e-05 -1.1658652510959655e-05 -1.1658652510959655e-05 -1.1658652510959655e-05 -1.1658652510959655e-05 
1649076988.1705592 2.276350261818152 1.138949284235423 -0.0037369489509728737 0.04811443540529581 11.287780929764267 6.772659237780317 -6.0201739146214095 -11.22989926597802 1.4734105039242422 0.07463384571747156 -0.43826877930405317 -1.1658652510959655e-05 -1.1658652510959655e-05 -1.1658652510959655e-05 -1.1658652510959655e-05 -1.1658652510959655e-05 
1649076988.187732 -0.9430921809907886 -4.625984020101896 -0.0025727957327035256 0.0666943207688746 10.998349156565382 6.541109162615612 -6.078055612648313 -10.998372473870404 1.4727585781220114 0.07468041184620233 -0.4389439881706494 -1.1658652510959655e-05 -1.1658652510959655e-05 -1.1658652510959655e-05 -1.1658652510959655e-05 -1.1658652510959655e-05 
1649076988.195718 3.571540566634212 -0.9963405492089805 -0.0019907191235688515 0.08639179322926793 9.551190290600061 6.541109162615612 -5.441310368238192 -9.319663532740378 1.4700810257199919 0.07486667636112543 -0.4405272365474957 -1.1658652510959655e-05 -1.1658652510959655e-05 -1.1658652510959655e-05 -1.1658652510959655e-05 -1.1658652510959655e-05 
1649076988.2203522 4.408566730766324 0.57091236278211 -0.0013155102569726296 0.07805645617918344 9.493308592573158 5.5570504469869775 -4.630896746682993 -9.49333190987818 1.4660763386491453 0.07502965781168314 -0.44208720185997663 -1.1658652510959655e-05 -1.1658652510959655e-05 -1.1658652510959655e-05 -1.1658652510959655e-05 -1.1658652510959655e-05 
1649076988.2349296 0.9606242942245444 -3.1973119072426925 -3.494171687634662e-05 0.07335327717737528 9.319640215435356 5.267618673788093 -4.9782102179015055 -9.319663532740378 1.4631426725391066 0.07507622394041391 -0.442832259919669 -1.1658652510959655e-05 -1.1658652510959655e-05 -1.1658652510959655e-05 -1.1658652510959655e-05 -1.1658652510959655e-05 
1649076988.2493978 1.1156196537413052 1.9844272007321706 -0.0001746401030686684 0.06834741833881708 8.39346319782635 4.804541806523048 -5.093996897019679 -8.451368213158275 1.455645525813452 0.07500637474731775 -0.44418267765286146 -1.1658652510959655e-05 -1.1658652510959655e-05 -1.1658652510959655e-05 -1.1658652510959655e-05 -1.1658652510959655e-05 
1649076988.2610724 0.8829985576085164 1.1082389223302016 0.00043071957043139264 0.05693871679977747 7.988268028580933 3.994128184967849 -3.994151502272871 -6.888445951139147 1.4470773581197136 0.07482011023239465 -0.4454865292573231 -1.1658652510959655e-05 -1.1658652510959655e-05 -1.1658652510959655e-05 -1.1658652510959655e-05 -1.1658652510959655e-05 
1649076988.2817426 2.2210762670001714 -0.6041373298794497 0.0012689098875853233 0.06778862479404779 8.046149726607837 3.646814713749336 -4.28358327546448 -7.409427799502737 1.441861951701867 0.07468041184620233 -0.44616173812391935 -1.1658652510959655e-05 -1.1658652510959655e-05 -1.1658652510959655e-05 -1.1658652510959655e-05 -1.1658652510959655e-05 
1649076990.0502398 0.41757010083529167 -0.24180628214526223 0.019872078322805464 0.02541344764176756 -1.1658652510959655e-05 -1.1658652510959655e-05 -1.1658652510959655e-05 -1.1658652510959655e-05 0.7701688276720233 0.07454071346001001 -0.5102600143363816 -1.1658652510959655e-05 -1.1658652510959655e-05 -1.1658652510959655e-05 -1.1658652510959655e-05 -1.1658652510959655e-05 
1649076990.6482668 0.6928923370214761 -0.31072415268135956 0.04189785721246153 -0.07642667591426289 1.099833736094297 0.520970189711079 -0.8683069782346138 -1.6208156186985434 1.0568066331397858 0.0756350174851832 -0.5499809221582836 -1.1658652510959655e-05 -1.1658652510959655e-05 -1.1658652510959655e-05 -1.1658652510959655e-05 -1.1658652510959655e-05 
1649076990.6646059 0.006251485661778133 -0.18902357521437807 0.043178425752557814 -0.014586856945243198 1.7944606785313226 0.810401962902688 -0.6367569030626328 -1.1577387514262227 1.0406714695272967 0.07561173442081781 -0.5493289963560528 -1.1658652510959655e-05 -1.1658652510959655e-05 -1.1658652510959655e-05 -1.1658652510959655e-05 -1.1658652510959655e-05 
1649076990.6810024 6.232352445993456 0.5870242433302337 0.04764877411798807 0.07936030779092107 -1.7944839958363445 -1.9681290899170563 1.3313605282019125 2.836401092194137 1.0251416655955836 0.07540218684152933 -0.5504698665099568 -1.1658652510959655e-05 -1.1658652510959655e-05 -1.1658652510959655e-05 -1.1658652510959655e-05 -1.1658652510959655e-05 
1649076990.821766 4.380254524490738 0.2976856023960863 0.05002364668325754 0.09044304642884526 -7.814622968748154 -5.904387235510512 5.0360685986233875 7.872504632534401 0.9290291758734384 0.07461056265310617 -0.5573849366264767 -1.1658652510959655e-05 -1.1658652510959655e-05 -1.1658652510959655e-05 -1.1658652510959655e-05 -1.1658652510959655e-05 
1649076990.8370368 0.44392652970418567 -0.22397145483409986 0.05055915716366144 0.08192144487111364 -7.583096176640538 -5.2676419910931145 4.978186900596484 8.10403142463474 0.9205774235015269 0.07451743039564462 -0.5582231269436306 -1.1658652510959655e-05 -1.1658652510959655e-05 -1.1658652510959655e-05 -1.1658652510959655e-05 -1.1658652510959655e-05 
1649076990.8536873 1.2332224118727027 1.2899166736169718 0.05172331038193079 0.1037609592458466 -9.03023175954877 -6.599014177947538 5.44128705093317 9.956385459845478 0.9043724107032176 0.07414490136579843 -0.5601323382215924 -1.1658652510959655e-05 -1.1658652510959655e-05 -1.1658652510959655e-05 -1.1658652510959655e-05 -1.1658652510959655e-05 
1649076990.8608353 3.7953373813652433 0.016659015440382063 0.055867695838969667 0.12599628572206711 -8.625036590303353 -8.567154892276449 6.309559087450907 10.419485610182164 0.8899369107894017 0.07353954169229837 -0.5626003430443234 -1.1658652510959655e-05 -1.1658652510959655e-05 -1.1658652510959655e-05 -1.1658652510959655e-05 -1.1658652510959655e-05 
1649076990.8771913 2.8411042711959453 0.5598529072085512 0.05775362405256601 0.16306292419903912 -9.609095305931987 -8.798704967441154 6.135913993370195 10.535249006235972 0.8832546713165357 0.07314372959808679 -0.5642301575499005 -1.1658652510959655e-05 -1.1658652510959655e-05 -1.1658652510959655e-05 -1.1658652510959655e-05 -1.1658652510959655e-05 
1649076990.9100423 1.9145547245570924 1.146772393869469 0.06015177968220087 0.1550768331217114 -11.345685945096193 -7.698859572694346 7.409404482197715 11.577212702955876 0.8592731150129111 0.07263150218204828 -0.5713547752457089 -1.1658652510959655e-05 -1.1658652510959655e-05 -1.1658652510959655e-05 -1.1658652510959655e-05 -1.1658652510959655e-05 
1649076991.0080645 1.0901014151895652 1.1317781004108838 0.059406721622508485 0.015820825123228133 -10.824704096732603 -5.7886238394567044 6.309559087450907 10.882562477454485 0.8231843652392854 0.0729574650831637 -0.5758484066682286 -1.1658652510959655e-05 -1.1658652510959655e-05 -1.1658652510959655e-05 -1.1658652510959655e-05 -1.1658652510959655e-05 
1649076991.0647633 1.2977397832437418 0.619713665706513 0.05752079340891214 -0.009837111814704258 -9.319663532740378 -5.325523689120018 5.209736975761189 8.856563348163036 0.824604632165574 0.07316701266245218 -0.5761976526337094 -1.1658652510959655e-05 -1.1658652510959655e-05 -1.1658652510959655e-05 -1.1658652510959655e-05 -1.1658652510959655e-05 
1649076991.0898585 1.4796969313028967 0.6727059202094097 0.05374893698171945 -0.05570474862906849 -7.698859572694346 -4.9782102179015055 4.572991731351067 7.930386330554029 0.8340575563051971 0.07300403121189447 -0.5747541026430554 -1.1658652510959655e-05 -1.1658652510959655e-05 -1.1658652510959655e-05 -1.1658652510959655e-05 -1.1658652510959655e-05 
1649076991.1460755 -0.9909621613405761 -0.5894922823936213 0.05374893698171945 0.012677611426624935 -5.962268933537416 -3.646838031054358 3.357382940550451 6.020150597316388 0.8580158295371803 0.07284104976133676 -0.5735201002316899 -1.1658652510959655e-05 -1.1658652510959655e-05 -1.1658652510959655e-05 -1.1658652510959655e-05 -1.1658652510959655e-05 
1649076991.194725 -6.739224791585002 0.3686756656607031 0.05628679099754663 0.06676416996197077 0.289420114539098 -1.6786973167254473 1.6786739994204254 2.1417741497498355 0.8918694051317289 0.07218912395910593 -0.5761976526337094 -1.1658652510959655e-05 -1.1658652510959655e-05 -1.1658652510959655e-05 -1.1658652510959655e-05 -1.1658652510959655e-05 
1649076991.2275426 -2.6774243629115517 -1.0027899580381927 0.05954642000870081 0.09186331335513387 1.3313605282019125 1.0419287550030276 -0.463111808989197 -0.3473251298710238 0.9168288501386996 0.07167689654306741 -0.5784561098771519 -1.1658652510959655e-05 -1.1658652510959655e-05 -1.1658652510959655e-05 -1.1658652510959655e-05 -1.1658652510959655e-05 
1649076991.3516219 0.4622270183026558 1.1399504560031346 0.06410990062431665 0.07095512154774042 7.351522784170811 5.3255003718149965 -3.878388106219063 -7.525191195549269 1.0114279406770947 0.07221240702347131 -0.5877693356305826 -1.1658652510959655e-05 -1.1658652510959655e-05 -1.1658652510959655e-05 -1.1658652510959655e-05 -1.1658652510959655e-05 
1649076991.400768 1.740443969196349 -1.2873555707774358 0.06483167561964365 0.06923217478470178 7.64095455736242 5.614932145006605 -4.573015048656089 -8.509273194249545 1.0284012946067378 0.07256165298895212 -0.5892128856212366 -1.1658652510959655e-05 -1.1658652510959655e-05 -1.1658652510959655e-05 -1.1658652510959655e-05 -1.1658652510959655e-05 
1649076991.4169788 1.740443969196349 -1.2873555707774358 0.06483167561964365 0.06923217478470178 7.64095455736242 5.614932145006605 -4.573015048656089 -8.509273194249545 1.0284012946067378 0.07256165298895212 -0.5892128856212366 -1.1658652510959655e-05 -1.1658652510959655e-05 -1.1658652510959655e-05 -1.1658652510959655e-05 -1.1658652510959655e-05 
1649076991.4355946 1.740443969196349 -1.2873555707774358 0.06483167561964365 0.06923217478470178 7.64095455736242 5.614932145006605 -4.573015048656089 -8.509273194249545 1.0284012946067378 0.07256165298895212 -0.5892128856212366 -1.1658652510959655e-05 -1.1658652510959655e-05 -1.1658652510959655e-05 -1.1658652510959655e-05 -1.1658652510959655e-05 
1649076991.4547193 1.740443969196349 -1.2873555707774358 0.06483167561964365 0.06923217478470178 7.64095455736242 5.614932145006605 -4.573015048656089 -8.509273194249545 1.0284012946067378 0.07256165298895212 -0.5892128856212366 -1.1658652510959655e-05 -1.1658652510959655e-05 -1.1658652510959655e-05 -1.1658652510959655e-05 -1.1658652510959655e-05 
1649076991.4899359 1.740443969196349 -1.2873555707774358 0.06483167561964365 0.06923217478470178 7.64095455736242 5.614932145006605 -4.573015048656089 -8.509273194249545 1.0284012946067378 0.07256165298895212 -0.5892128856212366 -1.1658652510959655e-05 -1.1658652510959655e-05 -1.1658652510959655e-05 -1.1658652510959655e-05 -1.1658652510959655e-05 
1649076991.5151026 0.12522794459800934 -0.3435998395725619 0.05316686037258478 -0.040966568878502585 12.445484739473613 8.972326744216844 -7.583096176640538 -14.992512317490764 1.1328491213716916 0.07640335860924097 -0.5844631404906977 -1.1658652510959655e-05 -1.1658652510959655e-05 -1.1658652510959655e-05 -1.1658652510959655e-05 -1.1658652510959655e-05 
1649076991.5393298 1.6763456929838867 1.2919423002167605 0.052351953119796235 -0.05910407602641499 13.66109353027423 9.261758517408452 -7.814622968748154 -14.413648771107546 1.132988819757884 0.07665947231726022 -0.583881063881563 -1.1658652510959655e-05 -1.1658652510959655e-05 -1.1658652510959655e-05 -1.1658652510959655e-05 -1.1658652510959655e-05 
1649076991.5477211 -3.2594776891128276 -0.44523041554930387 0.05139734748081537 -0.04115283339342568 11.808739495056216 6.598990860642516 -6.656919159038807 -12.619176433916437 1.1321040633119992 0.07672932151035639 -0.582856609049486 -1.1658652510959655e-05 -1.1658652510959655e-05 -1.1658652510959655e-05 -1.1658652510959655e-05 -1.1658652510959655e-05 
1649076991.5713658 3.2682088040091912 -0.825233309144096 0.050442741841834504 -0.03984898178896401 12.040289570228197 6.772659237780317 -6.541132479920634 -11.635117718287802 1.1298223230041913 0.07672932151035639 -0.5821581171185244 -1.1658652510959655e-05 -1.1658652510959655e-05 -1.1658652510959655e-05 -1.1658652510959655e-05 -1.1658652510959655e-05 
1649076991.5858126 0.4084198565396946 1.1114985513486317 0.049907231361430604 -0.013934931143012363 11.692976099009684 6.656895841733785 -6.888445951139147 -12.098194585560123 1.1275405826963834 0.07675260457472177 -0.5820184187323321 -1.1658652510959655e-05 -1.1658652510959655e-05 -1.1658652510959655e-05 -1.1658652510959655e-05 -1.1658652510959655e-05 
1649076991.6044283 7.10523452925554 0.9049544873123523 0.05163017812446924 0.006437750176701229 11.056230854592286 6.0780322953432915 -6.135937310675217 -10.882585794759507 1.1210446077384404 0.07675260457472177 -0.5821115509897936 -1.1658652510959655e-05 -1.1658652510959655e-05 -1.1658652510959655e-05 -1.1658652510959655e-05 -1.1658652510959655e-05 
1649076991.6702425 2.323777863937721 -2.8170761830042466 0.04979081603960367 -0.009953527136531193 7.64095455736242 4.16779656210565 -4.630896746682993 -7.583096176640538 1.0954565199936042 0.0763567924805102 -0.58430015904014 -1.1658652510959655e-05 -1.1658652510959655e-05 -1.1658652510959655e-05 -1.1658652510959655e-05 -1.1658652510959655e-05 
1649076991.6860685 1.6238656658897526 1.5159253794627148 0.04799802008346887 -0.04024479388317559 7.235736105052638 4.283559958159458 -4.573015048656089 -8.161936439966667 1.0879593732679496 0.07640335860924097 -0.5839043469459284 -1.1658652510959655e-05 -1.1658652510959655e-05 -1.1658652510959655e-05 -1.1658652510959655e-05 -1.1658652510959655e-05 
1649076991.6995935 2.098351234701113 -1.7094542447593994 0.04708998057321878 -0.055285653470491525 4.688755127404875 3.415264638577355 -4.515133350629185 -3.936269804245967 1.0718474927198258 0.07621709409431787 -0.5828798921138514 -1.1658652510959655e-05 -1.1658652510959655e-05 -1.1658652510959655e-05 -1.1658652510959655e-05 -1.1658652510959655e-05 
1649076991.7113047 3.938109132090176 -0.013911648078646977 0.04522733541671187 -0.08234057427034713 3.878364788914041 1.2155971321481047 -2.3154658441999345 -2.6627793154184474 1.0638148355137673 0.075984263450664 -0.5820649848610628 -1.1658652510959655e-05 -1.1658652510959655e-05 -1.1658652510959655e-05 -1.1658652510959655e-05 -1.1658652510959655e-05 
1649076991.7362337 5.5790762258766335 0.9810202586086234 0.046321639441885054 -0.03305032699427102 3.067951167358842 -2.836424409499159 -0.5788752050357289 -2.6627793154184474 1.047726238030009 0.07537890377716394 -0.581110379222082 -1.1658652510959655e-05 -1.1658652510959655e-05 -1.1658652510959655e-05 -1.1658652510959655e-05 -1.1658652510959655e-05 
1649076991.7536428 3.342458496292238 0.005017483250412624 0.05216568860487314 0.07842898521630559 1.8523423765582265 -3.76260142710089 0.057870039374392945 -0.11577505470631877 1.0303803550777957 0.07435444894508692 -0.5820417017966975 -1.1658652510959655e-05 -1.1658652510959655e-05 -1.1658652510959655e-05 -1.1658652510959655e-05 -1.1658652510959655e-05 
1649076991.764732 4.411453830747632 -1.083139813184971 0.05577456358150812 0.17307464188343147 0.4630884916841751 -4.167819879410672 1.1577154341212008 1.099833736094297 1.021556073683314 0.07386550459341379 -0.5837879316241015 -1.1658652510959655e-05 -1.1658652510959655e-05 -1.1658652510959655e-05 -1.1658652510959655e-05 -1.1658652510959655e-05 
1649076991.7766018 2.143986040871823 0.550516398398031 0.06266635063366266 0.28683569439454004 -1.0419520723080495 -5.962268933537416 2.2575375458036433 3.2995012425235473 1.004280039916921 0.07272463443950983 -0.5890731872350443 0.07272463443950983 -1.1658652510959655e-05 -1.1658652510959655e-05 -1.1658652510959655e-05 -1.1658652510959655e-05 
1649076991.7977705 1.8828664739485248 0.236288161650009 0.06885964575485559 0.3319815562135773 -2.894306107518787 -6.0201739146214095 3.415264638577355 4.399323354213266 0.9863986464843038 0.07165361347870203 -0.5955225960642565 -1.1658652510959655e-05 -1.1658652510959655e-05 -1.1658652510959655e-05 -1.1658652510959655e-05 -1.1658652510959655e-05 
1649076991.816365 1.6945763323819847 0.3505148754484253 0.071350933641952 0.32047972240980016 -3.646838031054358 -6.714800857065711 4.052009882987477 5.5570504469869775 0.9775510820181808 0.07118795219139429 -0.5987356589466799 -1.1658652510959655e-05 -1.1658652510959655e-05 -1.1658652510959655e-05 -1.1658652510959655e-05 -1.1658652510959655e-05 
1649076991.8911526 -0.4709814847446978 -0.6592017771181418 0.08369095776288304 0.10962829147320008 -8.914468363494962 -6.367487385839922 6.135913993370195 9.030208442243747 0.9030685590987559 0.06972111913637491 -0.6211572499378235 -1.1658652510959655e-05 -1.1658652510959655e-05 -1.1658652510959655e-05 -1.1658652510959655e-05 -1.1658652510959655e-05 
1649076991.9448438 2.347829269434442 0.5553825588503969 0.08746281419007573 0.08993081901280675 -11.92454949147941 -8.335604817104468 7.930386330554029 12.156052966274729 0.8683302270583226 0.06976768526510568 -0.6249291063650162 -1.1658652510959655e-05 -1.1658652510959655e-05 -1.1658652510959655e-05 -1.1658652510959655e-05 -1.1658652510959655e-05 
1649076991.961452 3.7532183179209824 -1.7764396209531697 0.08816130612103734 0.0928877681872109 -11.519331039169629 -8.68291828832298 8.10403142463474 12.0981712682551 0.8632312359623029 0.06965126994327875 -0.6258604289396317 -1.1658652510959655e-05 -1.1658652510959655e-05 -1.1658652510959655e-05 -1.1658652510959655e-05 -1.1658652510959655e-05 
1649076991.9727824 0.8977367373590823 -0.8968520151538542 0.08892964724509511 0.08133936826197896 -11.345685945096193 -6.946350932230416 7.756717953416228 12.0981712682551 0.8541741239168914 0.0695581376858172 -0.6277230740888626 -1.1658652510959655e-05 -1.1658652510959655e-05 -1.1658652510959655e-05 -1.1658652510959655e-05 -1.1658652510959655e-05 
1649076992.0055575 -1.3044686230932712 2.1925079470165656 0.09023349884955678 0.07158376428560587 -12.329744660724828 -6.599014177947538 7.409404482197715 12.213957947365998 0.8429284038284095 0.0697444022007403 -0.6300979466541321 -1.1658652510959655e-05 -1.1658652510959655e-05 -1.1658652510959655e-05 -1.1658652510959655e-05 -1.1658652510959655e-05 
1649076992.0382192 -3.317755199233943 -2.6434543719879002 0.09081557545869146 0.06301559659914346 -10.824704096732603 -6.078055612648313 6.425345766561804 10.882562477454485 0.836641976449755 0.0697444022007403 -0.6320537240608246 -1.1658652510959655e-05 -1.1658652510959655e-05 -1.1658652510959655e-05 -1.1658652510959655e-05 -1.1658652510959655e-05 
1649076992.0612712 -1.3565761211502831 -2.457934915088117 0.09221255932061467 0.07158376428560587 -10.593154021560622 -6.309582404755929 6.193795691397099 10.998349156565382 0.832846836958197 0.06981425139383646 -0.6333575756652863 -1.1658652510959655e-05 -1.1658652510959655e-05 -1.1658652510959655e-05 -1.1658652510959655e-05 -1.1658652510959655e-05 
1649076992.0749166 2.38345235792076 -0.7574563087619026 0.09353969398944173 0.08399363759963308 -10.361627229460282 -5.962268933537416 6.251677389424003 10.766799081400677 0.8322647603490623 0.06967455300764414 -0.6350106732352288 -1.1658652510959655e-05 -1.1658652510959655e-05 -1.1658652510959655e-05 -1.1658652510959655e-05 -1.1658652510959655e-05 
1649076992.087113 0.1176376656148932 -0.03011666088423226 0.09435460124223027 0.09461071495024953 -9.377545230767282 -5.441310368238192 5.90436391820549 9.956385459845478 0.8327537047007354 0.06965126994327875 -0.6359652788742096 -1.1658652510959655e-05 -1.1658652510959655e-05 -1.1658652510959655e-05 -1.1658652510959655e-05 -1.1658652510959655e-05 
1649076992.107132 -1.9503873948633554 0.8040689693953027 0.09507637623755727 0.09880166653601918 -8.277723119077564 -5.209760293066211 5.3255003718149965 8.682894971017959 0.8352682756521972 0.06972111913637491 -0.6379676224096329 -1.1658652510959655e-05 -1.1658652510959655e-05 -1.1658652510959655e-05 -1.1658652510959655e-05 -1.1658652510959655e-05 
1649076992.1525664 1.3791839424156933 1.9202357922622468 0.09938374314515386 0.10513466004340444 -7.119996026311128 -4.052033200292499 4.399323354213266 7.698836255389324 0.8462113159039291 0.06918560865597101 -0.6429967643198324 -1.1658652510959655e-05 -1.1658652510959655e-05 -1.1658652510959655e-05 -1.1658652510959655e-05 -1.1658652510959655e-05 
1649076992.1696074 -0.9490293624039623 -1.4502671721784282 0.10071087781398091 0.113353581771662 -6.135937310675217 -4.630896746682993 3.588933015722432 7.293641086143907 0.856618845675257 0.06885964575485559 -0.6451853723701788 -1.1658652510959655e-05 -1.1658652510959655e-05 -1.1658652510959655e-05 -1.1658652510959655e-05 -1.1658652510959655e-05 
1649076992.1852326 0.6051850335352356 -0.27524076258123387 0.10241054151265416 0.11642694626789307 -5.093996897019679 -3.531051351936185 3.878364788914041 6.251677389424003 0.8626025932244374 0.06874323043302866 -0.6463495255884482 -1.1658652510959655e-05 -1.1658652510959655e-05 -1.1658652510959655e-05 -1.1658652510959655e-05 -1.1658652510959655e-05 
1649076992.2065127 -2.9220595202496042 -0.08457574844942428 0.10471556488482747 0.12858070586662507 -2.7206610134453513 -3.183737880717672 2.894282790213765 4.804541806523048 0.875873939912708 0.06834741833881708 -0.64886409653991 -1.1658652510959655e-05 -1.1658652510959655e-05 -1.1658652510959655e-05 -1.1658652510959655e-05 -1.1658652510959655e-05 
1649076992.2745543 -4.019227362594393 0.2819229678134434 0.11258524064760422 0.1514912412094418 1.8523423765582265 0.6946152837845148 -0.11577505470631877 -0.2894434318441199 0.914686808217084 0.06739281269983621 -0.6574788303551031 -1.1658652510959655e-05 -1.1658652510959655e-05 -1.1658652510959655e-05 -1.1658652510959655e-05 -1.1658652510959655e-05 
1649076992.2833781 -0.8538016291277017 -0.6929389373908634 0.11428490434627747 0.1480919138120953 2.0838924517302075 1.2155971321481047 -0.5788752050357289 -1.6208156186985434 0.9291688742596307 0.06736952963547083 -0.660482345658238 -1.1658652510959655e-05 -1.1658652510959655e-05 -1.1658652510959655e-05 -1.1658652510959655e-05 -1.1658652510959655e-05 
1649076992.3065503 0.022456498467363417 0.26648629613919184 0.11430818741064286 0.10855727050511632 3.820459807822772 2.7206376961403294 -2.1996791650817613 -3.531051351936185 0.9471666830140748 0.06746266189293237 -0.6628572182235075 -1.1658652510959655e-05 -1.1658652510959655e-05 -1.1658652510959655e-05 -1.1658652510959655e-05 -1.1658652510959655e-05 
1649076992.316185 -0.3872555852649384 0.7075606675789459 0.11502996240596985 0.09295761738030706 6.0780322953432915 2.894282790213765 -2.778542711472255 -3.646838031054358 0.9560142474801978 0.06727639737800928 -0.663788540798123 -1.1658652510959655e-05 -1.1658652510959655e-05 -1.1658652510959655e-05 -1.1658652510959655e-05 -1.1658652510959655e-05 
1649076992.3368394 -0.5992013202339876 0.13696260903816437 0.11337686483602738 0.03295716049615294 6.714777539760689 2.836401092194137 -2.7206610134453513 -4.573015048656089 0.9735231118829688 0.06657790544704767 -0.6647897125658346 -1.1658652510959655e-05 -1.1658652510959655e-05 -1.1658652510959655e-05 -1.1658652510959655e-05 -1.1658652510959655e-05 
1649076992.3651412 -1.9340659667432192 1.6942736525452347 0.1131673172567389 0.0024330631058546714 7.64095455736242 4.862423504542676 -3.704719729073986 -7.062114328284224 1.0004849004253629 0.06715998205618234 -0.6655813367542578 -1.1658652510959655e-05 -1.1658652510959655e-05 -1.1658652510959655e-05 -1.1658652510959655e-05 -1.1658652510959655e-05 
1649076992.3814917 -1.9340659667432192 1.6942736525452347 0.1131673172567389 0.0024330631058546714 7.64095455736242 4.862423504542676 -3.704719729073986 -7.062114328284224 1.0004849004253629 0.06715998205618234 -0.6655813367542578 -1.1658652510959655e-05 -1.1658652510959655e-05 -1.1658652510959655e-05 -1.1658652510959655e-05 -1.1658652510959655e-05 
1649076992.4049323 -1.9340659667432192 1.6942736525452347 0.1131673172567389 0.0024330631058546714 7.64095455736242 4.862423504542676 -3.704719729073986 -7.062114328284224 1.0004849004253629 0.06715998205618234 -0.6655813367542578 -1.1658652510959655e-05 -1.1658652510959655e-05 -1.1658652510959655e-05 -1.1658652510959655e-05 -1.1658652510959655e-05 
1649076992.4143083 -1.9340659667432192 1.6942736525452347 0.1131673172567389 0.0024330631058546714 7.64095455736242 4.862423504542676 -3.704719729073986 -7.062114328284224 1.0004849004253629 0.06715998205618234 -0.6655813367542578 -1.1658652510959655e-05 -1.1658652510959655e-05 -1.1658652510959655e-05 -1.1658652510959655e-05 -1.1658652510959655e-05 
1649076992.4537277 -1.9340659667432192 1.6942736525452347 0.1131673172567389 0.0024330631058546714 7.64095455736242 4.862423504542676 -3.704719729073986 -7.062114328284224 1.0004849004253629 0.06715998205618234 -0.6655813367542578 -1.1658652510959655e-05 -1.1658652510959655e-05 -1.1658652510959655e-05 -1.1658652510959655e-05 -1.1658652510959655e-05 
1649076992.4632747 -1.9340659667432192 1.6942736525452347 0.1131673172567389 0.0024330631058546714 7.64095455736242 4.862423504542676 -3.704719729073986 -7.062114328284224 1.0004849004253629 0.06715998205618234 -0.6655813367542578 -1.1658652510959655e-05 -1.1658652510959655e-05 -1.1658652510959655e-05 -1.1658652510959655e-05 -1.1658652510959655e-05 
1649076992.4796712 -1.9340659667432192 1.6942736525452347 0.1131673172567389 0.0024330631058546714 7.64095455736242 4.862423504542676 -3.704719729073986 -7.062114328284224 1.0004849004253629 0.06715998205618234 -0.6655813367542578 -1.1658652510959655e-05 -1.1658652510959655e-05 -1.1658652510959655e-05 -1.1658652510959655e-05 -1.1658652510959655e-05 
1649076992.4960134 -1.9340659667432192 1.6942736525452347 0.1131673172567389 0.0024330631058546714 7.64095455736242 4.862423504542676 -3.704719729073986 -7.062114328284224 1.0004849004253629 0.06715998205618234 -0.6655813367542578 -1.1658652510959655e-05 -1.1658652510959655e-05 -1.1658652510959655e-05 -1.1658652510959655e-05 -1.1658652510959655e-05 
1649076992.5286882 -1.3639801356257522 0.1942622304559336 0.09996581975428853 -0.07963973880396225 11.345662627791171 8.161913122661645 -6.599014177947538 -12.908608207108045 1.115247124711459 0.0708154231615481 -0.6578746424493147 -1.1658652510959655e-05 -1.1658652510959655e-05 -1.1658652510959655e-05 -1.1658652510959655e-05 -1.1658652510959655e-05 
1649076992.5450728 3.472005466450355 -0.9544077502723667 0.09768407944648061 -0.051746627686952706 12.213957947365998 7.177854407025734 -6.425369083866826 -13.313803376353462 1.11801780937094 0.07128108444885584 -0.6566173569735838 -1.1658652510959655e-05 -1.1658652510959655e-05 -1.1658652510959655e-05 -1.1658652510959655e-05 -1.1658652510959655e-05 
1649076992.5672464 1.6938545573866577 -0.8438597606436815 0.09798675928323064 -0.04559989868721459 11.577212702955876 7.004209312952298 -6.772682555085339 -12.792821527997148 1.118367055336421 0.07142078283504816 -0.6561749787506415 -1.1658652510959655e-05 -1.1658652510959655e-05 -1.1658652510959655e-05 -1.1658652510959655e-05 -1.1658652510959655e-05 
1649076992.5833967 3.6887242296143086 0.4075583831581753 0.09521607462374959 -0.055751314757799264 10.245817233037087 6.193795691397099 -5.846505537483608 -11.287804247069289 1.117528865019267 0.07172346267179819 -0.6549642594036413 -1.1658652510959655e-05 -1.1658652510959655e-05 -1.1658652510959655e-05 -1.1658652510959655e-05 -1.1658652510959655e-05 
1649076992.5996962 7.044442448182963 -1.579022518148122 0.09419161979167257 -0.06378397196385777 10.36160391215526 6.193795691397099 -6.0201739146214095 -11.056254171897308 1.1161318811573437 0.07183987799362512 -0.6543123336014105 -1.1658652510959655e-05 -1.1658652510959655e-05 -1.1658652510959655e-05 -1.1658652510959655e-05 -1.1658652510959655e-05 
1649076992.6103265 2.030364686739631 -1.4324556279389071 0.09125795368163381 -0.09395882338867523 9.319640215435356 5.730718824124779 -6.0201739146214095 -10.998372473870404 1.1123134586014203 0.07211927476600977 -0.6525893868383719 -1.1658652510959655e-05 -1.1658652510959655e-05 -1.1658652510959655e-05 -1.1658652510959655e-05 -1.1658652510959655e-05 
1649076992.6432552 1.0356423276243731 -0.7964554415812017 0.08618224564997945 -0.10995428861497203 7.235736105052638 4.92030520256958 -5.209760293066211 -9.261781834713474 1.1013937014067778 0.0724219546027598 -0.6496091545996023 -1.1658652510959655e-05 -1.1658652510959655e-05 -1.1658652510959655e-05 -1.1658652510959655e-05 -1.1658652510959655e-05 
1649076992.6653645 1.1100550013507018 -1.7427955929379095 0.08243367228715215 -0.13719547392247478 7.351522784170811 4.688755127404875 -5.093996897019679 -8.393486515131372 1.0920571925962577 0.07272463443950983 -0.647001451390679 -1.1658652510959655e-05 -1.1658652510959655e-05 -1.1658652510959655e-05 -1.1658652510959655e-05 -1.1658652510959655e-05 
1649076992.6757398 3.592844570535817 1.5402096156030893 0.08003551665751729 -0.14415711017500143 6.251677389424003 3.994128184967849 -3.936269804245967 -7.640977874667442 1.0799965652549872 0.07293418201879831 -0.6440910683450056 -1.1658652510959655e-05 -1.1658652510959655e-05 -1.1658652510959655e-05 -1.1658652510959655e-05 -1.1658652510959655e-05 
1649076992.6921954 1.33753054025874 -1.9347877417385462 0.07833585295884404 -0.14080434889910975 4.746636825431779 3.588933015722432 -3.473169653909281 -5.557073764291999 1.0733841749679414 0.07302731427625986 -0.642670801418717 -1.1658652510959655e-05 -1.1658652510959655e-05 -1.1658652510959655e-05 -1.1658652510959655e-05 -1.1658652510959655e-05 
1649076992.708581 5.769322144849866 -0.331329664652003 0.07393535378650995 -0.14792896660219412 3.588933015722432 3.125832865385746 -3.299524559828569 -5.093996897019679 1.0586925613533822 0.0733067110486445 -0.6397604183657677 -1.1658652510959655e-05 -1.1658652510959655e-05 -1.1658652510959655e-05 -1.1658652510959655e-05 -1.1658652510959655e-05 
1649076992.7248504 2.259493323210336 0.1602456734108273 0.06878979656175943 -0.17491403820895357 1.9102240745851304 -1.2156204494531266 -1.5629339206716395 -2.894306107518787 1.04327917273622 0.07316701266245218 -0.636291241775325 -1.1658652510959655e-05 -1.1658652510959655e-05 -1.1658652510959655e-05 -1.1658652510959655e-05 -1.1658652510959655e-05 
1649076992.7413793 3.7417397671888466 -0.13863902391312877 0.06892949494795175 -0.1601060092652915 1.3892655092859059 -2.0839157690352295 -0.7525202991164406 -1.5050522226447356 1.0352930816588923 0.07288761589006754 -0.6347079933984787 -1.1658652510959655e-05 -1.1658652510959655e-05 -1.1658652510959655e-05 -1.1658652510959655e-05 -1.1658652510959655e-05 
1649076992.7575824 3.4846016042720294 0.5503068508187425 0.07090855541900964 -0.07433120012137806 -0.3473251298710238 -3.357406257855473 0.7524969818114187 0.289420114539098 1.0186456906376407 0.0724219546027598 -0.6327754990561516 -1.1658652510959655e-05 -1.1658652510959655e-05 -1.1658652510959655e-05 -1.1658652510959655e-05 -1.1658652510959655e-05 
1649076992.7795057 2.7018016970614553 -0.633101461957267 0.07379565540031763 0.05323670956568094 -1.7366022978094406 -4.399346671518288 1.4471472073128098 2.6627559981134254 1.00181203509419 0.07165361347870203 -0.6332644434078247 -1.1658652510959655e-05 -1.1658652510959655e-05 -1.1658652510959655e-05 -1.1658652510959655e-05 -1.1658652510959655e-05 
1649076992.796383 2.5740009567307425 -0.971334538073279 0.07507622394041391 0.09149078432528768 -2.778542711472255 -4.341464973491384 2.5469693189952523 2.7785193941672333 0.9931274520859006 0.07142078283504816 -0.6341957659824402 -1.1658652510959655e-05 -1.1658652510959655e-05 -1.1658652510959655e-05 -1.1658652510959655e-05 -1.1658652510959655e-05 
1649076992.8120584 2.4709733968920773 -0.4726112992502749 0.07514607313351007 0.09579815123288427 -4.109914898319403 -4.573015048656089 3.473146336604259 4.630873429377971 0.9754323231609305 0.07104825380520197 -0.6361981095178635 -1.1658652510959655e-05 -1.1658652510959655e-05 -1.1658652510959655e-05 -1.1658652510959655e-05 -1.1658652510959655e-05 
1649076992.8301394 2.988881880759436 -0.39077132798411185 0.07218912395910593 0.020081625902093947 -6.367487385839922 -4.920328519874602 4.16779656210565 5.846482220178586 0.9579001756937942 0.0709784046121058 -0.6370828659637482 -1.1658652510959655e-05 -1.1658652510959655e-05 -1.1658652510959655e-05 -1.1658652510959655e-05 -1.1658652510959655e-05 
1649076992.855579 3.658246698352741 0.10124638829438481 0.07225897315220209 -0.02091985045990441 -7.583096176640538 -7.409427799502737 5.44128705093317 7.64095455736242 0.9323819371420541 0.07060587558225961 -0.636407657097152 -1.1658652510959655e-05 -1.1658652510959655e-05 -1.1658652510959655e-05 -1.1658652510959655e-05 -1.1658652510959655e-05 
1649076992.895019 0.28732463874621317 -0.6520771594223334 0.07479682716802927 0.07465712878183695 -9.49333190987818 -7.00423263025732 6.483227464588708 9.956385459845478 0.9082141163235065 0.06969783607200952 -0.6377580748303444 -1.1658652510959655e-05 -1.1658652510959655e-05 -1.1658652510959655e-05 -1.1658652510959655e-05 -1.1658652510959655e-05 
1649076992.921038 3.4705153503309703 1.2727570551796816 0.07379565540031763 0.03954626771155745 -11.172017567951116 -6.599014177947538 7.467286180224619 10.708917383373773 0.886281469684036 0.06976768526510568 -0.639481021593383 -1.1658652510959655e-05 -1.1658652510959655e-05 -1.1658652510959655e-05 -1.1658652510959655e-05 -1.1658652510959655e-05 
1649076992.9438927 2.4655018767662114 -0.765419116774865 0.07507622394041391 0.03216553630772978 -11.92454949147941 -7.872527949839423 7.351522784170811 12.850703191783396 0.8725910278371884 0.06962798687891336 -0.6401562304599793 -1.1658652510959655e-05 -1.1658652510959655e-05 -1.1658652510959655e-05 -1.1658652510959655e-05 -1.1658652510959655e-05 
1649076992.9537232 2.7514411903030123 -1.5069614339226973 0.0761705279655871 0.0631320119209704 -12.040312887533219 -8.625036590303353 7.235736105052638 12.619153116611415 0.860646815810469 0.06932530704216333 -0.6411574022276909 -1.1658652510959655e-05 -1.1658652510959655e-05 -1.1658652510959655e-05 -1.1658652510959655e-05 -1.1658652510959655e-05 
1649076992.9700067 3.019848356365401 1.5335040930658579 0.0781263053722796 0.08408676985709462 -12.329744660724828 -8.567154892276449 7.525167878244247 12.271839645392902 0.8552451448776992 0.06918560865597101 -0.6419955925521208 -1.1658652510959655e-05 -1.1658652510959655e-05 -1.1658652510959655e-05 -1.1658652510959655e-05 -1.1658652510959655e-05 
1649076992.993777 -3.672589100242476 0.7120310159371002 0.07740453037695261 0.07079214009718271 -12.503413037869905 -6.541132479920634 7.235736105052638 12.734916512665222 0.8457223715522559 0.06913904252724024 -0.6436021239933325 -1.1658652510959655e-05 -1.1658652510959655e-05 -1.1658652510959655e-05 -1.1658652510959655e-05 -1.1658652510959655e-05 
1649076993.0192037 1.95467144446593 1.129682624617999 0.07607739570812555 0.02036102267447859 -12.329744660724828 -7.062114328284224 7.293641086143907 11.577212702955876 0.833871291790274 0.06934859010652872 -0.6450689570483519 -1.1658652510959655e-05 -1.1658652510959655e-05 -1.1658652510959655e-05 -1.1658652510959655e-05 -1.1658652510959655e-05 
1649076993.0357058 -0.4159403205703711 -0.643508991735871 0.07393535378650995 -0.013166590018954594 -12.908608207108045 -7.409427799502737 7.235736105052638 12.271839645392902 0.8294009434321197 0.06941843929962488 -0.6448128433403326 -1.1658652510959655e-05 -1.1658652510959655e-05 -1.1658652510959655e-05 -1.1658652510959655e-05 -1.1658652510959655e-05 
1649076993.052219 0.4154047758493107 -1.3519427913415711 0.07344640943483682 -0.03239840119204018 -11.461449341142725 -6.193819008702121 6.946327614925394 10.824680779427581 0.8266069757009973 0.06960470381454797 -0.644114351409371 -1.1658652510959655e-05 -1.1658652510959655e-05 -1.1658652510959655e-05 -1.1658652510959655e-05 -1.1658652510959655e-05 
1649076993.0681329 -2.4988665422497434 3.3065560110335355 0.07393535378650995 -0.018801091602654196 -11.692999416314706 -5.325523689120018 6.483227464588708 10.477367308209068 0.8259783329631318 0.06981425139383646 -0.6439280868944479 -1.1658652510959655e-05 -1.1658652510959655e-05 -1.1658652510959655e-05 -1.1658652510959655e-05 -1.1658652510959655e-05 
1649076993.0903826 2.3056170737327193 -0.531587301302352 0.07642664167360635 0.0378466040128842 -10.708940700678795 -6.367487385839922 6.598990860642516 11.11411255261919 0.8268863724733819 0.06993066671566339 -0.6444635973748518 -1.1658652510959655e-05 -1.1658652510959655e-05 -1.1658652510959655e-05 -1.1658652510959655e-05 -1.1658652510959655e-05 
1649076993.1008542 -0.059662869571184274 0.8898437785319402 0.07789347472862573 0.08369095776288304 -9.146018438659667 -5.209760293066211 6.193795691397099 10.072172138963651 0.8298200385906966 0.06986081752256723 -0.6460235626873327 -1.1658652510959655e-05 -1.1658652510959655e-05 -1.1658652510959655e-05 -1.1658652510959655e-05 -1.1658652510959655e-05 
1649076993.123331 -2.324336691723147 1.397880243108375 0.07775377634243341 0.08771892789809499 -9.088113457568397 -4.399346671518288 6.251677389424003 9.493308592573158 0.8321949111559661 0.06997723284439417 -0.6469083191332174 -1.1658652510959655e-05 -1.1658652510959655e-05 -1.1658652510959655e-05 -1.1658652510959655e-05 -1.1658652510959655e-05 
1649076993.15604 -0.4855799661090714 0.053120294243854005 0.08334171179740224 0.140129105791857 -7.177877724330756 -4.341464973491384 5.093973579714657 7.872504632534401 0.8456990884878905 0.06988410058693262 -0.6518443287786795 -1.1658652510959655e-05 -1.1658652510959655e-05 -1.1658652510959655e-05 -1.1658652510959655e-05 -1.1658652510959655e-05 
1649076993.1722558 -0.6600865335640265 -0.6917282180438633 0.0857398674270371 0.1623644322680775 -7.119996026311128 -4.9782102179015055 4.688755127404875 7.64095455736242 0.8510541932919296 0.06981425139383646 -0.6534741432842566 -1.1658652510959655e-05 -1.1658652510959655e-05 -1.1658652510959655e-05 -1.1658652510959655e-05 -1.1658652510959655e-05 
1649076993.1825328 0.6650923581619281 -0.550725980217976 0.08890636418072972 0.16010597502463497 -6.772682555085339 -3.994151502272871 3.704696411768964 7.930386330554029 0.8638598787001683 0.06946500542835565 -0.6566173569735838 -1.1658652510959655e-05 -1.1658652510959655e-05 -1.1658652510959655e-05 -1.1658652510959655e-05 -1.1658652510959655e-05 
1649076993.2151337 -5.997333228478965 1.0331510397372767 0.09111825529544149 0.14888353800051846 -0.5788752050357289 -1.6786973167254473 2.604851017022156 3.820459807822772 0.8833710866383626 0.06899934414104791 -0.6615068004903151 -1.1658652510959655e-05 -1.1658652510959655e-05 -1.1658652510959655e-05 -1.1658652510959655e-05 -1.1658652510959655e-05 
1649076993.2380025 -3.429560474345635 -1.398928015245474 0.09088542465178762 0.09372595850436483 0.6367335857576109 -2.1996791650817613 1.1577154341212008 3.067951167358842 0.8986913429980632 0.06799817237333627 -0.6637186916050268 -1.1658652510959655e-05 -1.1658652510959655e-05 -1.1658652510959655e-05 -1.1658652510959655e-05 -1.1658652510959655e-05 
1649076993.2545156 -1.74011804053589 -0.03796305357536767 0.09041976336447988 0.06536718610004755 0.578851887730707 -0.7525202991164406 -0.2894434318441199 1.4471472073128098 0.9068869816546794 0.06762564334349008 -0.6643939004716231 -1.1658652510959655e-05 -1.1658652510959655e-05 -1.1658652510959655e-05 -1.1658652510959655e-05 -1.1658652510959655e-05 
1649076993.2698343 -3.3056945718926727 0.17724231040483573 0.08830100450722966 -0.0025029465396073647 4.109891581014381 -0.17368003579758806 -1.0419520723080495 -0.6367569030626328 0.9237439202624955 0.0666943207688746 -0.6646965803083731 -1.1658652510959655e-05 -1.1658652510959655e-05 -1.1658652510959655e-05 -1.1658652510959655e-05 -1.1658652510959655e-05 
1649076993.3132422 -1.5229103330202634 0.306509883790568 0.08941859159676824 0.015285314635548275 4.109891581014381 2.894282790213765 -2.0839157690352295 -4.28358327546448 0.9672832506330451 0.06564658287243219 -0.6631831811246229 -1.1658652510959655e-05 -1.1658652510959655e-05 -1.1658652510959655e-05 -1.1658652510959655e-05 -1.1658652510959655e-05 
1649076993.3295553 -0.8928473280830076 1.555716136477713 0.0912812367459992 0.09372595850436483 7.525167878244247 4.341441656186362 -3.473169653909281 -5.383405387146922 0.9853043424518546 0.06560001674370142 -0.6647198633727385 -1.1658652510959655e-05 -1.1658652510959655e-05 -1.1658652510959655e-05 -1.1658652510959655e-05 -1.1658652510959655e-05 
1649076993.346766 -0.8928473280830076 1.555716136477713 0.0912812367459992 0.11186346565227723 9.37752191346226 4.804541806523048 -3.936269804245967 -6.309582404755929 0.9939190762743237 0.06536718610004755 -0.665837450462277 -1.1658652510959655e-05 -1.1658652510959655e-05 -1.1658652510959655e-05 -1.1658652510959655e-05 -1.1658652510959655e-05 
1649076993.3949654 -1.3759941968382918 2.1109008063940564 0.09135108593909536 0.10110668990819249 10.766799081400677 4.572991731351067 -5.151878595046583 -6.772682555085339 1.002300979445863 0.0649248078771052 -0.6668386222299887 -1.1658652510959655e-05 -1.1658652510959655e-05 -1.1658652510959655e-05 -1.1658652510959655e-05 -1.1658652510959655e-05 
1649076993.4188113 -1.3759941968382918 2.1109008063940564 0.09135108593909536 0.10110668990819249 10.766799081400677 4.572991731351067 -5.151878595046583 -6.772682555085339 1.002300979445863 0.0649248078771052 -0.6668386222299887 -1.1658652510959655e-05 -1.1658652510959655e-05 -1.1658652510959655e-05 -1.1658652510959655e-05 -1.1658652510959655e-05 
1649076993.4276478 -1.3759941968382918 2.1109008063940564 0.09135108593909536 0.10110668990819249 10.766799081400677 4.572991731351067 -5.151878595046583 -6.772682555085339 1.002300979445863 0.0649248078771052 -0.6668386222299887 -1.1658652510959655e-05 -1.1658652510959655e-05 -1.1658652510959655e-05 -1.1658652510959655e-05 -1.1658652510959655e-05 
1649076993.4688077 -1.3759941968382918 2.1109008063940564 0.09135108593909536 0.10110668990819249 10.766799081400677 4.572991731351067 -5.151878595046583 -6.772682555085339 1.002300979445863 0.0649248078771052 -0.6668386222299887 -1.1658652510959655e-05 -1.1658652510959655e-05 -1.1658652510959655e-05 -1.1658652510959655e-05 -1.1658652510959655e-05 
1649076993.4767067 -1.3759941968382918 2.1109008063940564 0.09135108593909536 0.10110668990819249 10.766799081400677 4.572991731351067 -5.151878595046583 -6.772682555085339 1.002300979445863 0.0649248078771052 -0.6668386222299887 -1.1658652510959655e-05 -1.1658652510959655e-05 -1.1658652510959655e-05 -1.1658652510959655e-05 -1.1658652510959655e-05 
1649076993.5257552 -3.739271796599496 -1.2334785598213784 0.08650820855109487 -0.01074515132495435 12.445484739473613 8.682894971017959 -6.425369083866826 -13.95054862077086 1.1184136214651517 0.06885964575485559 -0.6677233786758734 -1.1658652510959655e-05 -1.1658652510959655e-05 -1.1658652510959655e-05 -1.1658652510959655e-05 -1.1658652510959655e-05 
1649076993.542231 2.0270119254710153 3.79333503782982 0.08334171179740224 -0.00736910699197324 11.692976099009684 7.756717953416228 -6.193819008702121 -13.429590055471635 1.1225347238578252 0.06965126994327875 -0.6675371141609503 -1.1658652510959655e-05 -1.1658652510959655e-05 -1.1658652510959655e-05 -1.1658652510959655e-05 -1.1658652510959655e-05 
1649076993.5583806 -4.288565851238673 -0.18066495510720415 0.08224740777222905 -0.03956958501657937 11.229875948672998 7.64095455736242 -6.599014177947538 -13.429590055471635 1.1208583432235173 0.07018678042368265 -0.666978320616181 -1.1658652510959655e-05 -1.1658652510959655e-05 -1.1658652510959655e-05 -1.1658652510959655e-05 -1.1658652510959655e-05 
1649076993.5912547 6.100826415364281 1.5795579943878693 0.07926717553345952 -0.05882467925403034 10.535249006235972 6.598990860642516 -5.093996897019679 -11.519331039169629 1.1167139577664784 0.07111810299829813 -0.6653717891749693 -1.1658652510959655e-05 -1.1658652510959655e-05 -1.1658652510959655e-05 -1.1658652510959655e-05 -1.1658652510959655e-05 
1649076993.6074708 -0.5247653634432936 -2.4637789642438293 0.07896449569670949 -0.04767209142300999 9.84062206379167 6.193795691397099 -5.672837160338531 -11.40356764311582 1.1130119505323819 0.07132765057758661 -0.6649061278876616 -1.1658652510959655e-05 -1.1658652510959655e-05 -1.1658652510959655e-05 -1.1658652510959655e-05 -1.1658652510959655e-05 
1649076993.640226 2.1905754526742385 -2.0348117862740764 0.07039632800297113 -0.12378442884801188 7.756717953416228 4.862423504542676 -4.457228369537916 -10.187958852322481 1.0960385966027388 0.0725849360533175 -0.6612506867822958 -1.1658652510959655e-05 -1.1658652510959655e-05 -1.1658652510959655e-05 -1.1658652510959655e-05 -1.1658652510959655e-05 
1649076993.6729143 -0.2461602151815896 -1.720257586624939 0.06587941351608606 -0.16376145037065726 5.267618673788093 3.994128184967849 -4.920328519874602 -6.425369083866826 1.0771327483307687 0.07288761589006754 -0.6563612432655646 -1.1658652510959655e-05 -1.1658652510959655e-05 -1.1658652510959655e-05 -1.1658652510959655e-05 -1.1658652510959655e-05 
1649076993.7056804 0.36837298582395306 0.16767297094338574 0.05700856599287363 -0.17747517528914614 3.125832865385746 -0.9840703742811456 -1.3313838455069344 -3.125856182690768 1.0473304259357974 0.07307388040499063 -0.6493763239559485 -1.1658652510959655e-05 -1.1658652510959655e-05 -1.1658652510959655e-05 -1.1658652510959655e-05 -1.1658652510959655e-05 
1649076993.7383137 4.2315455923526315 0.20555451668042224 0.0602681950040278 -0.029301753631443717 0.2315384165121941 -3.0100927866369602 0.810401962902688 -1.1658652510959655e-05 1.0231858881888911 0.07239867153839441 -0.6467686207470251 -1.1658652510959655e-05 -1.1658652510959655e-05 -1.1658652510959655e-05 -1.1658652510959655e-05 -1.1658652510959655e-05 
1649076993.7546422 3.56478847796825 -0.020570604494423606 0.06227053853945108 0.03982566448394209 -0.4052068278979277 -4.862446821847698 1.3313605282019125 0.9840470569761237 1.0150135325893643 0.07200285944418283 -0.6471644328412367 -1.1658652510959655e-05 -1.1658652510959655e-05 -1.1658652510959655e-05 -1.1658652510959655e-05 -1.1658652510959655e-05 
1649076993.8114784 1.7430516724052723 0.4947534592283773 0.0768923029609141 0.2801068887929432 -3.8204831251277938 -7.062114328284224 4.283559958159458 5.267618673788093 0.9754090400965651 0.0697444022007403 -0.6575952456769301 -1.1658652510959655e-05 -1.1658652510959655e-05 -1.1658652510959655e-05 -1.1658652510959655e-05 -1.1658652510959655e-05 
1649076993.8265264 1.7687794585363008 0.06941843929962488 0.07975611988513265 0.23253958827990573 -6.309582404755929 -4.052033200292499 4.572991731351067 6.541109162615612 0.957830326500698 0.06953485462145181 -0.6627873690304114 -1.1658652510959655e-05 -1.1658652510959655e-05 -1.1658652510959655e-05 -1.1658652510959655e-05 -1.1658652510959655e-05 
1649076993.8428211 3.5647651949038845 -1.0567601012517116 0.07649649086670252 0.1288833857033751 -7.872527949839423 -6.830564253112243 4.92030520256958 6.946327614925394 0.9406474249917665 0.06946500542835565 -0.665837450462277 -1.1658652510959655e-05 -1.1658652510959655e-05 -1.1658652510959655e-05 -1.1658652510959655e-05 -1.1658652510959655e-05 
1649076993.8568604 0.5336128936614841 -0.29405347858846653 0.0779633239217219 0.09274806980101857 -7.930409647859051 -7.351546101475833 5.151855277741561 7.756717953416228 0.9322422387558618 0.06927874091343256 -0.6667687730368925 -1.1658652510959655e-05 -1.1658652510959655e-05 -1.1658652510959655e-05 -1.1658652510959655e-05 -1.1658652510959655e-05 
1649076993.873644 1.9779079427098623 1.7282203603972448 0.07968627069203649 0.06380722078756662 -9.72488198505016 -7.872527949839423 6.714777539760689 8.91444504618994 0.9162234904651996 0.06909247639850946 -0.6679562093195273 -1.1658652510959655e-05 -1.1658652510959655e-05 -1.1658652510959655e-05 -1.1658652510959655e-05 -1.1658652510959655e-05 
1649076993.9018435 2.4751876315422123 -1.7368118453887291 0.07842898521630559 0.049138890237372834 -10.882585794759507 -7.062114328284224 6.830540935807221 10.18793553501746 0.8938018994813319 0.0693718731708941 -0.670284515756066 -1.1658652510959655e-05 -1.1658652510959655e-05 -1.1658652510959655e-05 -1.1658652510959655e-05 -1.1658652510959655e-05 
1649076993.9236338 2.3554661145462887 -0.6560818464931799 0.08031491342990194 0.043620803975500166 -11.172017567951116 -8.567154892276449 7.409404482197715 11.171994250646094 0.8807866664938047 0.06923217478470178 -0.6711459891375853 -1.1658652510959655e-05 -1.1658652510959655e-05 -1.1658652510959655e-05 -1.1658652510959655e-05 -1.1658652510959655e-05 
1649076993.9581695 -0.27226053034246434 -0.26015333686518716 0.0819912940642098 0.07738124731258722 -12.15607628357975 -7.23575942235766 7.698836255389324 12.445484739473613 0.8636736141852452 0.06916232559160562 -0.6726826713857008 -1.1658652510959655e-05 -1.1658652510959655e-05 -1.1658652510959655e-05 -1.1658652510959655e-05 -1.1658652510959655e-05 
1649076993.9671013 2.3972824981610756 1.358229184479569 0.08185159567801747 0.06341140869335504 -11.808762812361238 -7.177877724330756 7.930386330554029 11.403544325810799 0.8551520126202377 0.06941843929962488 -0.6740330891261692 -1.1658652510959655e-05 -1.1658652510959655e-05 -1.1658652510959655e-05 -1.1658652510959655e-05 -1.1658652510959655e-05 
1649076993.991944 -3.2888841994135873 -0.9626499550649896 0.08138593439070974 0.04066385480109602 -12.619176433916437 -6.48325078189373 7.177854407025734 11.982407872201293 0.8482136594393523 0.06960470381454797 -0.6749876947651501 -1.1658652510959655e-05 -1.1658652510959655e-05 -1.1658652510959655e-05 -1.1658652510959655e-05 -1.1658652510959655e-05 
1649076993.9998043 0.8120084943438997 -0.6720773117122008 0.08129280213324819 0.021688157343305647 -12.271862962697924 -6.714800857065711 7.351522784170811 11.86662119308312 0.8458155038097175 0.06972111913637491 -0.6751972423444386 -1.1658652510959655e-05 -1.1658652510959655e-05 -1.1658652510959655e-05 -1.1658652510959655e-05 -1.1658652510959655e-05 
1649076994.0272186 1.933367440571601 -0.30162047451449325 0.08136265132634435 0.014726521090778988 -10.998372473870404 -5.7307421414298005 7.293641086143907 10.477367308209068 0.8426257239916595 0.07011693123058649 -0.6755697713742848 -1.1658652510959655e-05 -1.1658652510959655e-05 -1.1658652510959655e-05 -1.1658652510959655e-05 -1.1658652510959655e-05 
1649076994.0422552 -4.623911827373377 0.21982703513640445 0.0807340085884789 0.018777774297632277 -10.593154021560622 -5.093996897019679 6.714777539760689 10.18793553501746 0.8418573828676017 0.07034976187424036 -0.6757793189535732 -1.1658652510959655e-05 -1.1658652510959655e-05 -1.1658652510959655e-05 -1.1658652510959655e-05 -1.1658652510959655e-05 
1649076994.055917 1.2390897441000561 0.8670962246469571 0.08296918276755605 0.04899919185118051 -11.114135869924212 -5.151878595046583 7.64095455736242 10.303698931063991 0.8416012691595824 0.07090855541900964 -0.6765709431419964 -1.1658652510959655e-05 -1.1658652510959655e-05 -1.1658652510959655e-05 -1.1658652510959655e-05 -1.1658652510959655e-05 
1649076994.07272 -1.9911560405817 0.8258386345769395 0.08660134080855642 0.10618239793984685 -8.68291828832298 -4.515133350629185 6.541109162615612 9.782740365772042 0.8444883691408904 0.07121123525575968 -0.6783637390981312 -1.1658652510959655e-05 -1.1658652510959655e-05 -1.1658652510959655e-05 -1.1658652510959655e-05 -1.1658652510959655e-05 
1649076994.0885973 -1.9192812208639225 -2.5389366960298503 0.08899949643819127 0.1541687936114613 -8.740799986349884 -4.052033200292499 5.90436391820549 9.261758517408452 0.8468399586417945 0.071350933641952 -0.6799237044106121 -1.1658652510959655e-05 -1.1658652510959655e-05 -1.1658652510959655e-05 -1.1658652510959655e-05 -1.1658652510959655e-05 
1649076994.1306007 -2.320914081261435 0.11472728256921982 0.10785877857415471 0.35486880848475266 -5.904387235510512 -4.109914898319403 5.0360685986233875 8.740776669044863 0.8635106327346875 0.07160704734997125 -0.694359204317152 -1.1658652510959655e-05 -1.1658652510959655e-05 -1.1658652510959655e-05 -1.1658652510959655e-05 -1.1658652510959655e-05 
1649076994.1543336 0.37538118819793453 -0.5686306567149586 0.11428490434627747 0.36124836812814465 -6.0201739146214095 -3.357406257855473 4.283559958159458 8.277699801772542 0.8767819794229581 0.07128108444885584 -0.7016002373347874 -1.1658652510959655e-05 -1.1658652510959655e-05 -1.1658652510959655e-05 -1.1658652510959655e-05 -1.1658652510959655e-05 
1649076994.1632156 -1.5515717852613307 0.1958920449615107 0.11861555431823945 0.3299559296137886 -2.1417974670548574 -2.7206610134453513 3.704696411768964 3.878364788914041 0.8904491382054402 0.07100168767647119 -0.7083756090723909 -1.1658652510959655e-05 -1.1658652510959655e-05 -1.1658652510959655e-05 -1.1658652510959655e-05 -1.1658652510959655e-05 
1649076994.1878529 -7.4222334849037 -0.10527439267025329 0.12180533413629746 0.3241118804508005 -1.9102473918901524 -0.7525202991164406 2.5469693189952523 2.604851017022156 0.8977134542947169 0.07107153686956735 -0.7116119550191797 -1.1658652510959655e-05 -1.1658652510959655e-05 -1.1658652510959655e-05 -1.1658652510959655e-05 -1.1658652510959655e-05 
1649076994.2122514 -4.219135753286537 -0.20564768317854032 0.1303036526296637 0.27894273557467386 1.0419287550030276 1.2155971321481047 0.057870039374392945 -2.4312292402537423 0.9278883057195344 0.0717001796074328 -0.7237889976822771 -1.1658652510959655e-05 -1.1658652510959655e-05 -1.1658652510959655e-05 -1.1658652510959655e-05 -1.1658652510959655e-05 
1649076994.2526982 -1.0541291149784229 -0.5046255127599579 0.13097886149625992 0.13679962758760666 3.2995012425235473 2.7785193941672333 -2.1996791650817613 -3.76260142710089 0.9526382031399407 0.07190972718672128 -0.7293070839368738 -1.1658652510959655e-05 -1.1658652510959655e-05 -1.1658652510959655e-05 -1.1658652510959655e-05 -1.1658652510959655e-05 
1649076994.2612884 -1.9102008257614216 0.9589944797189673 0.12890666876774048 0.041245931410230696 5.093973579714657 2.7785193941672333 -2.7206610134453513 -4.630896746682993 0.9703333320649108 0.07200285944418283 -0.7306342186057009 -1.1658652510959655e-05 -1.1658652510959655e-05 -1.1658652510959655e-05 -1.1658652510959655e-05 -1.1658652510959655e-05 
1649076994.2841358 -1.1778320359808276 0.5057896317375707 0.12902308408956742 0.013702066258701961 4.92030520256958 3.415264638577355 -3.067974484663864 -5.7886238394567044 0.9793438779743155 0.07209599170164438 -0.7307739169918932 -1.1658652510959655e-05 -1.1658652510959655e-05 -1.1658652510959655e-05 -1.1658652510959655e-05 -1.1658652510959655e-05 
1649076994.3170328 -2.036883979002596 -1.107750012219185 0.13069946472387528 0.025017635547555983 7.119972709006106 5.151855277741561 -4.573015048656089 -8.104054741939763 1.0056770237788442 0.07251508686022134 -0.7312861444079317 -1.1658652510959655e-05 -1.1658652510959655e-05 -1.1658652510959655e-05 -1.1658652510959655e-05 -1.1658652510959655e-05 
1649076994.3510587 -3.8843252876322367 -2.2063846876262687 0.12045491640310502 -0.12737002076028148 10.072172138963651 5.3255003718149965 -5.846505537483608 -9.377545230767282 1.0374816897092387 0.07149063202814432 -0.7287250073277391 -1.1658652510959655e-05 -1.1658652510959655e-05 -1.1658652510959655e-05 -1.1658652510959655e-05 -1.1658652510959655e-05 
1649076994.3758101 -3.8843252876322367 -2.2063846876262687 0.12045491640310502 -0.12737002076028148 10.072172138963651 5.3255003718149965 -5.846505537483608 -9.377545230767282 1.0374816897092387 0.07149063202814432 -0.7287250073277391 -1.1658652510959655e-05 -1.1658652510959655e-05 -1.1658652510959655e-05 -1.1658652510959655e-05 -1.1658652510959655e-05 
1649076994.4328551 -3.8843252876322367 -2.2063846876262687 0.12045491640310502 -0.12737002076028148 10.072172138963651 5.3255003718149965 -5.846505537483608 -9.377545230767282 1.0374816897092387 0.07149063202814432 -0.7287250073277391 -1.1658652510959655e-05 -1.1658652510959655e-05 -1.1658652510959655e-05 -1.1658652510959655e-05 -1.1658652510959655e-05 
1649076994.4821618 -3.8843252876322367 -2.2063846876262687 0.12045491640310502 -0.12737002076028148 10.072172138963651 5.3255003718149965 -5.846505537483608 -9.377545230767282 1.0374816897092387 0.07149063202814432 -0.7287250073277391 -1.1658652510959655e-05 -1.1658652510959655e-05 -1.1658652510959655e-05 -1.1658652510959655e-05 -1.1658652510959655e-05 
1649076994.5133147 -1.5640980738899088 0.4021334291610401 0.11740483497123932 -0.0027823433119920082 14.008407001492742 8.798681650136132 -7.814622968748154 -15.39770748673618 1.1337571608819417 0.07558845135645242 -0.7251394154154696 -1.1658652510959655e-05 -1.1658652510959655e-05 -1.1658652510959655e-05 -1.1658652510959655e-05 -1.1658652510959655e-05 
1649076994.5624797 1.6018166039284552 -2.153322583923 0.11426162128191208 -0.04175819306692574 11.345662627791171 6.946327614925394 -6.772682555085339 -12.503413037869905 1.1244206520714215 0.07649649086670252 -0.723719148489181 -1.1658652510959655e-05 -1.1658652510959655e-05 -1.1658652510959655e-05 -1.1658652510959655e-05 -1.1658652510959655e-05 
1649076994.6279228 -2.2841734056855785 0.34150432953902055 0.10697402212827001 -0.13544924409507075 7.814599651443132 4.862423504542676 -5.441310368238192 -8.625036590303353 1.089915150674642 0.0770552844114718 -0.718364043685142 -1.1658652510959655e-05 -1.1658652510959655e-05 -1.1658652510959655e-05 -1.1658652510959655e-05 -1.1658652510959655e-05 
1649076994.6451225 3.1734001658915076 -2.186780347423337 0.10536749068705831 -0.11926751436112681 7.525167878244247 4.341441656186362 -5.383405387146922 -7.988291345885955 1.0819989087904105 0.07700871828274103 -0.7171766074025072 -1.1658652510959655e-05 -1.1658652510959655e-05 -1.1658652510959655e-05 -1.1658652510959655e-05 -1.1658652510959655e-05 
1649076994.6545684 2.2339518015942303 0.05828913453296991 0.10266665522067342 -0.1079286620079074 5.5570504469869775 1.9102240745851304 -4.688778444709897 -4.9782102179015055 1.0648392903458443 0.07654305699543329 -0.7149879993521608 -1.1658652510959655e-05 -1.1658652510959655e-05 -1.1658652510959655e-05 -1.1658652510959655e-05 -1.1658652510959655e-05 
1649076994.6698527 3.6975485110087902 -1.1202297347263084 0.10110668990819249 -0.09959332496509887 3.762578109795868 -1.2735021474800305 -1.0419520723080495 -3.936269804245967 1.0480056348023936 0.07593769732193323 -0.7129390896880068 -1.1658652510959655e-05 -1.1658652510959655e-05 -1.1658652510959655e-05 -1.1658652510959655e-05 -1.1658652510959655e-05 
1649076994.6910713 6.85359116953623 1.008680539081979 0.1009204253932694 -0.08057106137857772 2.6627559981134254 -3.125856182690768 0.7524969818114187 -2.1417974670548574 1.0393443348584697 0.07565830054954858 -0.7121241824352182 -1.1658652510959655e-05 -1.1658652510959655e-05 -1.1658652510959655e-05 -1.1658652510959655e-05 -1.1658652510959655e-05 
1649076994.7073035 5.337141904004966 0.15572875892394222 0.10513466004340444 0.02059385331813246 1.2155971321481047 -4.80456512382807 1.1577154341212008 -0.4052068278979277 1.0214163752971217 0.07482011023239465 -0.7120077671133913 -1.1658652510959655e-05 -1.1658652510959655e-05 -1.1658652510959655e-05 -1.1658652510959655e-05 -1.1658652510959655e-05 
1649076994.723791 3.884371819520311 0.6334041075533605 0.1124455422614119 0.17414566284423927 -0.9840703742811456 -6.425369083866826 1.8523423765582265 2.3733242249218165 1.0033720004066708 0.07358610782102915 -0.7147318856441416 -1.1658652510959655e-05 -1.1658652510959655e-05 -1.1658652510959655e-05 -1.1658652510959655e-05 -1.1658652510959655e-05 
1649076994.7351713 4.227797018989804 0.2667191267828457 0.11465743337612366 0.22816237217921298 -1.9102473918901524 -6.714800857065711 2.2575375458036433 2.836401092194137 0.9942450391754392 0.07300403121189447 -0.7170136259519495 -1.1658652510959655e-05 -1.1658652510959655e-05 -1.1658652510959655e-05 -1.1658652510959655e-05 -1.1658652510959655e-05 
1649076994.7569199 2.418423520604847 -1.7686630774551304 0.11794034545164322 0.2625514582541655 -3.8204831251277938 -4.457228369537916 3.2995012425235473 4.862423504542676 0.9757117199333152 0.07230553928093286 -0.7221591831767 -1.1658652510959655e-05 -1.1658652510959655e-05 -1.1658652510959655e-05 -1.1658652510959655e-05 -1.1658652510959655e-05 
1649076994.7730126 1.203699486250116 -1.3151555496369838 0.1178006470654509 0.1787557095885859 -6.425369083866826 -4.862446821847698 4.341441656186362 6.541109162615612 0.9575742127926787 0.07221240702347131 -0.7261405871831812 -1.1658652510959655e-05 -1.1658652510959655e-05 -1.1658652510959655e-05 -1.1658652510959655e-05 -1.1658652510959655e-05 
1649076994.8244991 0.6398535163825727 0.8113565685416688 0.12634553168754792 0.17859272813802818 -7.872527949839423 -10.303722248369013 6.135913993370195 9.493308592573158 0.9243027138072648 0.07074557396845194 -0.732147617789451 -1.1658652510959655e-05 -1.1658652510959655e-05 -1.1658652510959655e-05 -1.1658652510959655e-05 -1.1658652510959655e-05 
1649076994.8420064 2.8966576627863105 0.8989474567060824 0.133330450997164 0.27554340817732736 -9.435450211851276 -10.998372473870404 7.409404482197715 9.435426894546254 0.9093782695417758 0.06988410058693262 -0.7371301935709198 -1.1658652510959655e-05 -1.1658652510959655e-05 -1.1658652510959655e-05 -1.1658652510959655e-05 -1.1658652510959655e-05 
1649076994.85795 4.323723244197026 -2.3417524238757323 0.14136310821049847 0.34453112790652085 -9.20390013668657 -10.94046749278641 7.930386330554029 10.940444175481389 0.8961069228535052 0.06892949494795175 -0.7437193007863243 -1.1658652510959655e-05 -1.1658652510959655e-05 -1.1658652510959655e-05 -1.1658652510959655e-05 -1.1658652510959655e-05 
1649076994.8659418 0.40618468236061744 -0.001711322351184208 0.14390096222632565 0.34755792627402116 -10.361627229460282 -8.393486515131372 8.161913122661645 11.229875948672998 0.8901231753043248 0.06874323043302866 -0.747188477376767 -1.1658652510959655e-05 -1.1658652510959655e-05 -1.1658652510959655e-05 -1.1658652510959655e-05 -1.1658652510959655e-05 
1649076994.8822155 7.7985809031524695 -2.5635003289426095 0.1469976097869221 0.30548542895849096 -10.766822398705699 -5.7307421414298005 8.277699801772542 10.130053836990555 0.8784816431216314 0.06925545784906717 -0.7536378862059792 -1.1658652510959655e-05 -1.1658652510959655e-05 -1.1658652510959655e-05 -1.1658652510959655e-05 -1.1658652510959655e-05 
1649076994.9055462 -5.722220539872069 -2.8374721473956015 0.145786890439922 0.18574062889820198 -11.866644510388141 -6.078055612648313 7.119972709006106 11.924526174174389 0.8693313988260343 0.06967455300764414 -0.7579219700492104 -1.1658652510959655e-05 -1.1658652510959655e-05 -1.1658652510959655e-05 -1.1658652510959655e-05 -1.1658652510959655e-05 
1649076994.920228 3.6957091489239247 -0.8934992538852384 0.14620598559849896 0.12466915105324006 -11.808762812361238 -6.367487385839922 8.046149726607837 11.056230854592286 0.8657690899781301 0.06988410058693262 -0.7591792555249413 -1.1658652510959655e-05 -1.1658652510959655e-05 -1.1658652510959655e-05 -1.1658652510959655e-05 -1.1658652510959655e-05 
1649076994.9545653 1.4116172510839533 1.1599971744290087 0.14841787671321072 0.06355110707954736 -10.766822398705699 -5.4991920662650955 7.64095455736242 10.766799081400677 0.853731745693949 0.07072229090408655 -0.7620197893775185 -1.1658652510959655e-05 -1.1658652510959655e-05 -1.1658652510959655e-05 -1.1658652510959655e-05 -1.1658652510959655e-05 
1649076994.9714344 4.423141929059057 1.3245385903355782 0.14802206461899914 0.06753251108602853 -10.014290475177404 -5.036091915928409 6.309559087450907 10.303698931063991 0.8529168384411605 0.07086198929027887 -0.7626949982441147 -1.1658652510959655e-05 -1.1658652510959655e-05 -1.1658652510959655e-05 -1.1658652510959655e-05 -1.1658652510959655e-05 
1649076994.9880044 -3.354449308681069 -2.2250111391185783 0.14839459364884533 0.06271291676239343 -10.361627229460282 -4.9782102179015055 7.351522784170811 9.66695368665387 0.8537084626295837 0.07121123525575968 -0.7639988498485764 0.07121123525575968 -1.1658652510959655e-05 -1.1658652510959655e-05 -1.1658652510959655e-05 -1.1658652510959655e-05 
1649076995.036588 -1.626985630755371 -2.167781366893905 0.15232943152659573 0.09631037864892278 -8.335604817104468 -3.473169653909281 6.656895841733785 8.161913122661645 0.8660019206217839 0.07265478524641367 -0.767351611124468 -1.1658652510959655e-05 -1.1658652510959655e-05 -1.1658652510959655e-05 -1.1658652510959655e-05 -1.1658652510959655e-05 
1649076995.0522285 0.0624102369256434 1.7756712455884553 0.15645053391926922 0.15503026699298061 -6.830564253112243 -3.183737880717672 5.846482220178586 7.409404482197715 0.875268580239208 0.0733067110486445 -0.7700990127195837 -1.1658652510959655e-05 -1.1658652510959655e-05 -1.1658652510959655e-05 -1.1658652510959655e-05 -1.1658652510959655e-05 
1649076995.062115 -3.426650091292686 0.1466716468858067 0.15924450164311565 0.17668351686006645 -6.367487385839922 -3.588956333027454 4.804541806523048 7.293641086143907 0.8809496479443624 0.07335327717737528 -0.7718685256113531 -1.1658652510959655e-05 -1.1658652510959655e-05 -1.1658652510959655e-05 -1.1658652510959655e-05 -1.1658652510959655e-05 
1649076995.0860224 0.7296330125973327 -1.4939927670711768 0.16082775001996197 0.17903510636097053 -4.80456512382807 -2.9522110886100563 3.994128184967849 4.804541806523048 0.894104579318082 0.07342312637047144 -0.7755472497810842 -1.1658652510959655e-05 -1.1658652510959655e-05 -1.1658652510959655e-05 -1.1658652510959655e-05 -1.1658652510959655e-05 
1649076995.1009753 -4.349940008920385 -0.44530026474240003 0.16133997743600048 0.14026880417804932 -3.646838031054358 -1.7944839958363445 3.2416195445039193 2.3154425268949126 0.9079114364867564 0.07388878765777918 -0.7786206142773153 0.9079114364867564 -1.1658652510959655e-05 -1.1658652510959655e-05 -1.1658652510959655e-05 -1.1658652510959655e-05 
1649076995.1111987 -3.3094897113842308 -0.7929629819263937 0.16276024436228909 0.12075759623985505 -2.778542711472255 -0.463111808989197 2.3154425268949126 2.3733242249218165 0.9155482815986034 0.07414490136579843 -0.7798313336243154 -1.1658652510959655e-05 -1.1658652510959655e-05 -1.1658652510959655e-05 -1.1658652510959655e-05 -1.1658652510959655e-05 
1649076995.1274676 -4.55867268100701 0.18904682403808692 0.16466945564025082 0.11775408093672013 -0.8683069782346138 0.4630884916841751 0.9840470569761237 1.0419287550030276 0.9321025403696694 0.07447086426691385 -0.782089790867758 -1.1658652510959655e-05 -1.1658652510959655e-05 -1.1658652510959655e-05 -1.1658652510959655e-05 -1.1658652510959655e-05 
1649076995.1438224 -3.1077186755428556 -0.7291906686150469 0.16778938626521267 0.1358217388842604 1.2734788301750086 1.0419287550030276 -0.057893356679414865 -1.0419520723080495 0.9490293281633058 0.07468041184620233 -0.7847906263341429 -1.1658652510959655e-05 -1.1658652510959655e-05 -1.1658652510959655e-05 -1.1658652510959655e-05 -1.1658652510959655e-05 
1649076995.1817691 -1.837534381862497 0.049814099103969056 0.16834817980998196 0.10443616811244283 3.820459807822772 2.1996558477767394 -1.9102473918901524 -3.357406257855473 0.9758514183195075 0.07482011023239465 -0.7883995013107779 -1.1658652510959655e-05 -1.1658652510959655e-05 -1.1658652510959655e-05 -1.1658652510959655e-05 -1.1658652510959655e-05 
1649076995.1928473 -0.14555409403692465 -0.07984928638325073 0.16853444432490505 0.08445929888694081 4.399323354213266 3.067951167358842 -2.778542711472255 -3.994151502272871 0.9850016626151046 0.07482011023239465 -0.7892376916279318 -1.1658652510959655e-05 -1.1658652510959655e-05 -1.1658652510959655e-05 -1.1658652510959655e-05 -1.1658652510959655e-05 
1649076995.2206125 -2.1618441854807315 -0.6395275877221138 0.16876727496855892 0.053120294243854005 6.251677389424003 3.531028034631163 -3.646838031054358 -5.846505537483608 1.002906339119363 0.07477354410366388 -0.7904251279105665 -1.1658652510959655e-05 -1.1658652510959655e-05 -1.1658652510959655e-05 -1.1658652510959655e-05 -1.1658652510959655e-05 
1649076995.2329535 -1.0162941353701171 -0.3948691473196959 0.16804549997323193 0.03346938791219145 7.177854407025734 4.572991731351067 -4.7466601427368005 -8.046173043912859 1.0206014680443332 0.07477354410366388 -0.7911701859702589 -1.1658652510959655e-05 -1.1658652510959655e-05 -1.1658652510959655e-05 -1.1658652510959655e-05 -1.1658652510959655e-05 
1649076995.2472491 -0.8432544009701815 -1.6671721998573048 0.16858101045363583 0.03237508388701826 7.872504632534401 4.978186900596484 -5.441310368238192 -9.377545230767282 1.0289833712158725 0.07486667636112543 -0.7914961488713743 -1.1658652510959655e-05 -1.1658652510959655e-05 -1.1658652510959655e-05 -1.1658652510959655e-05 -1.1658652510959655e-05 
1649076995.2639327 -2.8063659733961686 4.059204349883657 0.16781266932957806 0.012700894490990322 9.898503761818574 5.3833820698419 -5.672837160338531 -8.567154892276449 1.0452349501429126 0.07468041184620233 -0.7919152440299513 -1.1658652510959655e-05 -1.1658652510959655e-05 -1.1658652510959655e-05 -1.1658652510959655e-05 -1.1658652510959655e-05 
1649076995.2815967 0.8027884008552064 -3.448559454867791 0.1709558830189053 0.06799817237333627 8.91444504618994 5.846482220178586 -5.4991920662650955 -11.635117718287802 1.0604387911807862 0.07488995942549082 -0.7928698496689321 -1.1658652510959655e-05 -1.1658652510959655e-05 -1.1658652510959655e-05 -1.1658652510959655e-05 -1.1658652510959655e-05 
1649076995.291 1.3580662030290114 0.031001383089460433 0.1731910572052584 0.07218912395910593 9.724858667745139 7.293641086143907 -5.325523689120018 -10.593154021560622 1.0676099750053254 0.07521592232660623 -0.7935916246642591 -1.1658652510959655e-05 -1.1658652510959655e-05 -1.1658652510959655e-05 -1.1658652510959655e-05 -1.1658652510959655e-05 
1649076995.3072376 1.8558581192774 1.2273317965882597 0.17153795962803997 0.09870853427855764 11.461426023837703 6.425345766561804 -6.309582404755929 -10.998372473870404 1.0803923773491988 0.07533233764843317 -0.7952447222342016 -1.1658652510959655e-05 -1.1658652510959655e-05 -1.1658652510959655e-05 -1.1658652510959655e-05 -1.1658652510959655e-05 
1649076995.3399675 0.013306254164490383 -1.2430944654115592 0.17631098783022026 0.09910434637276921 11.692976099009684 7.004209312952298 -6.135937310675217 -11.519331039169629 1.0975287127221236 0.07549531909899088 -0.7984112189951702 -1.1658652510959655e-05 -1.1658652510959655e-05 -1.1658652510959655e-05 -1.1658652510959655e-05 -1.1658652510959655e-05 
1649076995.3793051 0.013306254164490383 -1.2430944654115592 0.17631098783022026 0.09910434637276921 11.692976099009684 7.004209312952298 -6.135937310675217 -11.519331039169629 1.0975287127221236 0.07549531909899088 -0.7984112189951702 -1.1658652510959655e-05 -1.1658652510959655e-05 -1.1658652510959655e-05 -1.1658652510959655e-05 -1.1658652510959655e-05 
1649076995.438052 0.013306254164490383 -1.2430944654115592 0.17631098783022026 0.09910434637276921 11.692976099009684 7.004209312952298 -6.135937310675217 -11.519331039169629 1.0975287127221236 0.07549531909899088 -0.7984112189951702 -1.1658652510959655e-05 -1.1658652510959655e-05 -1.1658652510959655e-05 -1.1658652510959655e-05 -1.1658652510959655e-05 
1649076995.4706643 0.013306254164490383 -1.2430944654115592 0.17631098783022026 0.09910434637276921 11.692976099009684 7.004209312952298 -6.135937310675217 -11.519331039169629 1.0975287127221236 0.07549531909899088 -0.7984112189951702 -1.1658652510959655e-05 -1.1658652510959655e-05 -1.1658652510959655e-05 -1.1658652510959655e-05 -1.1658652510959655e-05 
1649076995.4932144 4.138413334869256 -1.4590914535801858 0.19114229983097175 0.05428444746212335 12.56127141858451 7.872504632534401 -7.640977874667442 -12.850726509088418 1.1684023606649134 0.07533233764843317 -0.8189934478941723 -1.1658652510959655e-05 -1.1658652510959655e-05 -1.1658652510959655e-05 -1.1658652510959655e-05 -1.1658652510959655e-05 
1649076995.5032651 -4.902493692570715 -1.1934782552343677 0.1878593877554522 0.01929000171367079 10.5931307042556 5.90436391820549 -7.640977874667442 -10.187958852322481 1.1566211300960276 0.07523920539097162 -0.8193659769240185 -1.1658652510959655e-05 -1.1658652510959655e-05 -1.1658652510959655e-05 -1.1658652510959655e-05 -1.1658652510959655e-05 
1649076995.5243704 3.2261595897580264 -5.094299576856429 0.18848803049331764 -0.013818515821185429 10.014267157872382 4.225678260132554 -6.830564253112243 -8.914468363494962 1.1503114196530078 0.07488995942549082 -0.8192262785378261 -1.1658652510959655e-05 -1.1658652510959655e-05 -1.1658652510959655e-05 -1.1658652510959655e-05 -1.1658652510959655e-05 
1649076995.5524137 0.3987341017636936 -2.8037815532516106 0.18434364503627876 -0.06755582839105045 7.351522784170811 4.515110033324163 -6.48325078189373 -6.0201739146214095 1.1201598512925557 0.07393535378650995 -0.8175033317747875 -1.1658652510959655e-05 -1.1658652510959655e-05 -1.1658652510959655e-05 -1.1658652510959655e-05 -1.1658652510959655e-05 
1649076995.570646 6.4973835677301395 3.1055067501874873 0.18322605794674018 -0.04546020030102227 4.804541806523048 2.4312059229487204 -2.894306107518787 -6.888445951139147 1.1116149666704587 0.07398191991524072 -0.8170609535518452 -1.1658652510959655e-05 -1.1658652510959655e-05 -1.1658652510959655e-05 -1.1658652510959655e-05 -1.1658652510959655e-05 
1649076995.5850742 5.496281648978766 -1.416134199811495 0.18310964262491325 -0.03463357537111733 4.862423504542676 -2.0839157690352295 -1.2156204494531266 -3.299524559828569 1.0939664038742194 0.07337656024174066 -0.8161296309772297 -1.1658652510959655e-05 -1.1658652510959655e-05 -1.1658652510959655e-05 -1.1658652510959655e-05 -1.1658652510959655e-05 
1649076995.6391335 2.9909540734879556 -0.19279543164157076 0.2070679158641724 0.3921682776126545 0.4630884916841751 -7.351546101475833 2.604851017022156 1.7365789805044187 1.0517774912368623 0.07023334655241342 -0.8259085180106922 -1.1658652510959655e-05 -1.1658652510959655e-05 -1.1658652510959655e-05 -1.1658652510959655e-05 -1.1658652510959655e-05 
1649076995.6504154 2.931512410148571 -1.2934557336411672 0.21654412306088489 0.48541695041785715 -1.2735021474800305 -6.946350932230416 3.473146336604259 3.762578109795868 1.0331510397372767 0.06885964575485559 -0.835221743764123 -1.1658652510959655e-05 -1.1658652510959655e-05 -1.1658652510959655e-05 -1.1658652510959655e-05 -1.1658652510959655e-05 
1649076995.6832092 3.460200952817104 -0.5110516385248047 0.23107275522488635 0.5042762325538206 -3.878388106219063 -9.261781834713474 5.209736975761189 6.483227464588708 1.005909854422498 0.06695043447689386 -0.8504255847947206 -1.1658652510959655e-05 -1.1658652510959655e-05 -1.1658652510959655e-05 -1.1658652510959655e-05 -1.1658652510959655e-05 
1649076995.7051985 2.44140390514076 -3.6763609566696687 0.2378714100268553 0.4591769368707901 -5.441310368238192 -5.2676419910931145 6.0780322953432915 7.930386330554029 0.9882612916335347 0.06606567803100916 -0.8599949242488947 -1.1658652510959655e-05 -1.1658652510959655e-05 -1.1658652510959655e-05 -1.1658652510959655e-05 -1.1658652510959655e-05 
1649076995.723516 4.47047639892844 0.5374313162174076 0.23936152614624007 0.4263478161083185 -7.409427799502737 -5.846505537483608 6.541109162615612 8.798681650136132 0.9799026715190848 0.06601911190227838 -0.8642557250350364 -1.1658652510959655e-05 -1.1658652510959655e-05 -1.1658652510959655e-05 -1.1658652510959655e-05 -1.1658652510959655e-05 
1649076995.732261 0.6376881913965917 0.528187939664349 0.24725448496610625 0.35275004962750245 -6.772682555085339 -6.946350932230416 6.483227464588708 9.435426894546254 0.9639537724287948 0.06564658287243219 -0.8717295886963257 -1.1658652510959655e-05 -1.1658652510959655e-05 -1.1658652510959655e-05 -1.1658652510959655e-05 -1.1658652510959655e-05 
1649076995.7485235 1.3732234779381542 -0.80381288992794 0.24923354543716414 0.31619563856656896 -9.088113457568397 -6.946350932230416 6.656895841733785 10.882562477454485 0.9493785741287866 0.06506450626329752 -0.8780625822037109 -1.1658652510959655e-05 -1.1658652510959655e-05 -1.1658652510959655e-05 -1.1658652510959655e-05 -1.1658652510959655e-05 
1649076995.7716787 3.0815717600125936 -1.3908255088390433 0.2512824551013182 0.30387889751727926 -8.914468363494962 -7.351546101475833 7.119972709006106 10.303698931063991 0.9427661838490167 0.06487824174837442 -0.8811126636355766 -1.1658652510959655e-05 -1.1658652510959655e-05 -1.1658652510959655e-05 -1.1658652510959655e-05 -1.1658652510959655e-05 
1649076995.7812483 -0.37966530628182227 -0.9813462557503954 0.255543255880184 0.27489148237509653 -9.666977003958891 -7.525191195549269 6.483227464588708 12.213957947365998 0.9312410669881501 0.06429616513923975 -0.8867471652120003 -1.1658652510959655e-05 -1.1658652510959655e-05 -1.1658652510959655e-05 -1.1658652510959655e-05 -1.1658652510959655e-05 
1649076995.8030474 2.9006390667927917 -1.996278314742085 0.2574990332868765 0.2574757502225111 -10.130077154295577 -7.75674127072125 7.177854407025734 11.345662627791171 0.926421472664515 0.06406333449558588 -0.8893315853565582 -1.1658652510959655e-05 -1.1658652510959655e-05 -1.1658652510959655e-05 -1.1658652510959655e-05 -1.1658652510959655e-05 
1649076995.8212185 0.531680399319157 -1.3591372582304757 0.2623884768036078 0.2548680470135878 -10.072195456268673 -7.583096176640538 6.830540935807221 12.156052966274729 0.9177368896489497 0.06355110707954736 -0.8944072933954885 -1.1658652510959655e-05 -1.1658652510959655e-05 -1.1658652510959655e-05 -1.1658652510959655e-05 -1.1658652510959655e-05 
1649076995.8539894 2.1075247620610753 -2.336979395680828 0.2663698808173649 0.21950107223528903 -10.47739062551409 -5.325523689120018 6.3674640685349 11.056230854592286 0.908609928417718 0.06345797482208582 -0.9013456465763738 -1.1658652510959655e-05 -1.1658652510959655e-05 -1.1658652510959655e-05 -1.1658652510959655e-05 -1.1658652510959655e-05 
1649076995.8629904 0.5202716977801174 0.7112859578774078 0.26755731709999964 0.16019910728209652 -10.014290475177404 -5.383405387146922 6.135913993370195 10.535249006235972 0.9067705663328525 0.06362095627264353 -0.9048381062311819 -1.1658652510959655e-05 -1.1658652510959655e-05 -1.1658652510959655e-05 -1.1658652510959655e-05 -1.1658652510959655e-05 
1649076995.8957632 -1.5895697463129181 -1.180206908546097 0.2712127582053654 0.13519309614639496 -8.972350061521865 -4.630896746682993 5.846482220178586 9.203876819381549 0.9067472832684871 0.06376065465883585 -0.9087729441089323 -1.1658652510959655e-05 -1.1658652510959655e-05 -1.1658652510959655e-05 -1.1658652510959655e-05 -1.1658652510959655e-05 
1649076995.9120367 -0.03686874955019448 0.7071415724203689 0.27468193479580805 0.15780095165246166 -7.525191195549269 -4.515133350629185 5.499168748960074 8.567131574971427 0.9088427590613719 0.06376065465883585 -0.9118695916695287 -1.1658652510959655e-05 -1.1658652510959655e-05 -1.1658652510959655e-05 -1.1658652510959655e-05 -1.1658652510959655e-05 
1649076995.9505148 2.4265260270112776 2.3171654736579512 0.28255161055130884 0.22567108429211657 -6.251700706729025 -3.588956333027454 4.862423504542676 8.451344895853254 0.9193667041545268 0.06359767320827814 -0.9181560190481832 -1.1658652510959655e-05 -1.1658652510959655e-05 -1.1658652510959655e-05 -1.1658652510959655e-05 -1.1658652510959655e-05 
1649076995.9611175 -0.8573406549112406 -0.4266272471213597 0.28895445325179026 0.2817134202341549 -5.2676419910931145 -2.836424409499159 3.936246486940945 7.583072859335516 0.9305192919928231 0.06329499337152811 -0.9235111238594982 -1.1658652510959655e-05 -1.1658652510959655e-05 -1.1658652510959655e-05 -1.1658652510959655e-05 -1.1658652510959655e-05 
1649076996.0103083 -0.7790862755646231 0.5674897523203981 0.3042048604183947 0.3256252796345507 -1.5050522226447356 -1.3313838455069344 2.4890876209756243 3.936246486940945 0.9607407095463714 0.06264306756929727 -0.9391573431130382 -1.1658652510959655e-05 -1.1658652510959655e-05 -1.1658652510959655e-05 -1.1658652510959655e-05 -1.1658652510959655e-05 
1649076996.0334566 -4.447984992984857 -0.5313777537230635 0.3070453942709719 0.3262539223724161 -0.5209935070161009 -0.8104252802077099 1.5629106033666176 3.357382940550451 0.9693787264259299 0.06243351999000879 -0.9424169721241924 -1.1658652510959655e-05 -1.1658652510959655e-05 -1.1658652510959655e-05 -1.1658652510959655e-05 -1.1658652510959655e-05 
1649076996.099047 -1.6751117248131777 0.13035021875839448 0.3250199199610506 0.27610220172209665 3.878364788914041 2.7785193941672333 -1.6208156186985434 -2.7206610134453513 1.026794763165526 0.061176234514277894 -0.9643729018280283 -1.1658652510959655e-05 -1.1658652510959655e-05 -1.1658652510959655e-05 -1.1658652510959655e-05 -1.1658652510959655e-05 
1649076996.124631 -1.1529191571025876 0.22113088674086612 0.33240065137215424 0.26841879048151895 6.656895841733785 4.399323354213266 -2.778542711472255 -5.383405387146922 1.055246667827305 0.06115295144991251 -0.9720795961329713 -1.1658652510959655e-05 -1.1658652510959655e-05 -1.1658652510959655e-05 -1.1658652510959655e-05 -1.1658652510959655e-05 
1649076996.1641033 0.14625255172722973 -1.7065904278424568 0.3419699908263283 0.28536886133952066 7.177854407025734 6.135913993370195 -4.052033200292499 -8.914468363494962 1.0896823200309882 0.0613392159648356 -0.9833485992858186 -1.1658652510959655e-05 -1.1658652510959655e-05 -1.1658652510959655e-05 -1.1658652510959655e-05 -1.1658652510959655e-05 
1649076996.2131107 2.821756044701033 1.712108479856397 0.347488077080925 0.12920934860449051 10.303698931063991 7.525167878244247 -5.2676419910931145 -10.708940700678795 1.1273310351170949 0.06275948289112421 -0.9930809201978263 -1.1658652510959655e-05 -1.1658652510959655e-05 -1.1658652510959655e-05 -1.1658652510959655e-05 -1.1658652510959655e-05 
1649076996.248908 1.175713242882921 -0.4118890673707938 0.34814000288315583 0.09139765206782613 10.5931307042556 6.888422633834125 -5.904387235510512 -10.072195456268673 1.143466198729584 0.06303887966350885 -0.9958516048573074 -1.1658652510959655e-05 -1.1658652510959655e-05 -1.1658652510959655e-05 -1.1658652510959655e-05 -1.1658652510959655e-05 
1649076996.3617544 -2.404314017840079 0.6778980435701669 0.3444612787134247 -0.0045052900750306435 9.551190290600061 6.020150597316388 -5.557073764291999 -10.303722248369013 1.1761789041702286 0.06429616513923975 -0.9963871153377113 -1.1658652510959655e-05 -1.1658652510959655e-05 -1.1658652510959655e-05 -1.1658652510959655e-05 -1.1658652510959655e-05 
1649076996.3699965 -2.404314017840079 0.6778980435701669 0.3444612787134247 -0.0045052900750306435 9.551190290600061 6.020150597316388 -5.557073764291999 -10.303722248369013 1.1761789041702286 0.06429616513923975 -0.9963871153377113 -1.1658652510959655e-05 -1.1658652510959655e-05 -1.1658652510959655e-05 -1.1658652510959655e-05 -1.1658652510959655e-05 
1649076996.4104233 -2.404314017840079 0.6778980435701669 0.3444612787134247 -0.0045052900750306435 9.551190290600061 6.020150597316388 -5.557073764291999 -10.303722248369013 1.1761789041702286 0.06429616513923975 -0.9963871153377113 -1.1658652510959655e-05 -1.1658652510959655e-05 -1.1658652510959655e-05 -1.1658652510959655e-05 -1.1658652510959655e-05 
1649076996.4242141 -2.404314017840079 0.6778980435701669 0.3444612787134247 -0.0045052900750306435 9.551190290600061 6.020150597316388 -5.557073764291999 -10.303722248369013 1.1761789041702286 0.06429616513923975 -0.9963871153377113 -1.1658652510959655e-05 -1.1658652510959655e-05 -1.1658652510959655e-05 -1.1658652510959655e-05 -1.1658652510959655e-05 
1649076996.4351523 -2.404314017840079 0.6778980435701669 0.3444612787134247 -0.0045052900750306435 9.551190290600061 6.020150597316388 -5.557073764291999 -10.303722248369013 1.1761789041702286 0.06429616513923975 -0.9963871153377113 -1.1658652510959655e-05 -1.1658652510959655e-05 -1.1658652510959655e-05 -1.1658652510959655e-05 -1.1658652510959655e-05 
1649076996.4603174 -2.404314017840079 0.6778980435701669 0.3444612787134247 -0.0045052900750306435 9.551190290600061 6.020150597316388 -5.557073764291999 -10.303722248369013 1.1761789041702286 0.06429616513923975 -0.9963871153377113 -1.1658652510959655e-05 -1.1658652510959655e-05 -1.1658652510959655e-05 -1.1658652510959655e-05 -1.1658652510959655e-05 
1649076996.4679322 -1.1836528020721744 -1.0349671529984334 0.34953698674507905 0.0718864441223559 9.782740365772042 4.746636825431779 -6.193819008702121 -8.972350061521865 1.231499465109664 0.06387706998066278 -1.0034186007760582 -1.1658652510959655e-05 -1.1658652510959655e-05 -1.1658652510959655e-05 -1.1658652510959655e-05 -1.1658652510959655e-05 
1649076996.4920247 -0.34800033873762004 1.0768999176871148 0.34990951577492524 0.06948828849272104 9.261758517408452 4.862423504542676 -5.441310368238192 -7.988291345885955 1.208519080581027 0.06352782401518198 -1.0047690185092506 -1.1658652510959655e-05 -1.1658652510959655e-05 -1.1658652510959655e-05 -1.1658652510959655e-05 -1.1658652510959655e-05 
1649076996.5006566 0.6632064299483318 -0.9999261411212501 0.3504915923840599 0.08040804568736348 4.16779656210565 1.7944606785313226 -2.546992636300274 -4.7466601427368005 1.197436341935827 0.0634812578864512 -1.0055606426976738 -1.1658652510959655e-05 -1.1658652510959655e-05 -1.1658652510959655e-05 -1.1658652510959655e-05 -1.1658652510959655e-05 
1649076996.517077 10.316178653571114 1.4889403078632313 0.3504915923840599 0.05814943614677759 5.5570504469869775 -4.399346671518288 3.2416195445039193 -4.630896746682993 1.1763651686851517 0.06282933208422037 -1.006654946722847 -1.1658652510959655e-05 -1.1658652510959655e-05 -1.1658652510959655e-05 -1.1658652510959655e-05 -1.1658652510959655e-05 
1649076996.538594 6.208999532427697 0.229908602006617 0.3547756762272911 0.10813817534653936 1.2734788301750086 -8.972350061521865 7.583072859335516 -2.0839157690352295 1.156039053486893 0.06250336918310495 -1.008401176550251 -1.1658652510959655e-05 -1.1658652510959655e-05 -1.1658652510959655e-05 -1.1658652510959655e-05 -1.1658652510959655e-05 
1649076996.5711484 4.844728375624982 0.24886101640731795 0.3697001204927801 0.32010719337995397 -0.6946386010895367 -9.666977003958891 3.531028034631163 3.2995012425235473 1.1261435988344601 0.060407893390220124 -1.0153395297311363 -1.1658652510959655e-05 -1.1658652510959655e-05 -1.1658652510959655e-05 -1.1658652510959655e-05 -1.1658652510959655e-05 
1649076996.582483 2.765853407145187 -1.1737109335881541 0.3815512002547621 0.46904895616171416 -2.7206610134453513 -7.293664403448929 4.746636825431779 5.209736975761189 1.1070282029832015 0.059010909528296907 -1.0241870941972593 -1.1658652510959655e-05 -1.1658652510959655e-05 -1.1658652510959655e-05 -1.1658652510959655e-05 -1.1658652510959655e-05 
1649076996.5988505 1.2229778635519324 -1.2457720178135787 0.3834836945970892 0.47670908433792647 -3.76260142710089 -4.573015048656089 5.151855277741561 5.7886005221516825 1.0978313925588736 0.058801361949008424 -1.0289601223921636 -1.1658652510959655e-05 -1.1658652510959655e-05 -1.1658652510959655e-05 -1.1658652510959655e-05 -1.1658652510959655e-05 
1649076996.6151748 3.341550456781988 0.43107427817449206 0.38446158330043545 0.3641820342381834 -6.135937310675217 -4.457228369537916 6.309559087450907 6.656895841733785 1.080648491057218 0.059104041785758454 -1.036922930405126 -1.1658652510959655e-05 -1.1658652510959655e-05 -1.1658652510959655e-05 -1.1658652510959655e-05 -1.1658652510959655e-05 
1649076996.6314158 2.1598418077046517 0.34811671981879044 0.3895838574608206 0.24918697930843337 -6.830564253112243 -6.772682555085339 5.267618673788093 8.682894971017959 1.0651885363113252 0.058708229691546876 -1.0424177335953573 -1.1658652510959655e-05 -1.1658652510959655e-05 -1.1658652510959655e-05 -1.1658652510959655e-05 -1.1658652510959655e-05 
1649076996.6526268 4.912272545363521 -0.3037159503073781 0.3916094840678852 0.23498431004554732 -7.119996026311128 -7.525191195549269 5.730718824124779 9.203876819381549 1.0583433153879014 0.05828913453296991 -1.0447693230962614 -1.1658652510959655e-05 -1.1658652510959655e-05 -1.1658652510959655e-05 -1.1658652510959655e-05 -1.1658652510959655e-05 
1649076996.664296 -1.1588563385157613 -0.6454880522069288 0.39600998323294334 0.25370389379531844 -8.914468363494962 -6.888445951139147 5.093973579714657 10.419485610182164 1.0464922356186435 0.05747422728018137 -1.0497518988777301 -1.1658652510959655e-05 -1.1658652510959655e-05 -1.1658652510959655e-05 -1.1658652510959655e-05 -1.1658652510959655e-05 
1649076996.6969244 -1.86263352525566 0.6049056367628509 0.4004104823980015 0.2195476383640198 -8.277723119077564 -6.251700706729025 5.44128705093317 10.072172138963651 1.0315212252316996 0.05668260309175821 -1.05666696899425 -1.1658652510959655e-05 -1.1658652510959655e-05 -1.1658652510959655e-05 -1.1658652510959655e-05 -1.1658652510959655e-05 
1649076996.7296896 -0.33407706624711864 2.061773540575814 0.4024826751265209 0.1477426678466145 -8.567154892276449 -4.920328519874602 5.3833820698419 9.551190290600061 1.0228366422234103 0.05635664019064279 -1.061719393961539 -1.1658652510959655e-05 -1.1658652510959655e-05 -1.1658652510959655e-05 -1.1658652510959655e-05 -1.1658652510959655e-05 
1649076996.7534204 -3.703695274241909 1.7892918382422067 0.40350712995859794 0.11074587856273865 -8.740799986349884 -4.457228369537916 5.0360685986233875 9.261758517408452 1.018971653538756 0.05621694180445047 -1.0641175495911739 -1.1658652510959655e-05 -1.1658652510959655e-05 -1.1658652510959655e-05 -1.1658652510959655e-05 -1.1658652510959655e-05 
1649076996.7786548 0.680668728229648 1.6480334867083002 0.4049739630136173 0.08417990211455617 -7.698859572694346 -4.225701577437576 5.151855277741561 7.177854407025734 1.0203686374006793 0.05637992325500818 -1.0667951019931934 -1.1658652510959655e-05 -1.1658652510959655e-05 -1.1658652510959655e-05 -1.1658652510959655e-05 -1.1658652510959655e-05 
1649076996.8001838 -1.3773446145714843 -0.4718662411905825 0.40881566863390617 0.11707887207012391 -6.772682555085339 -3.299524559828569 4.804541806523048 7.293641086143907 1.0231858881888911 0.05675245228485437 -1.0689604269791744 -1.1658652510959655e-05 -1.1658652510959655e-05 -1.1658652510959655e-05 -1.1658652510959655e-05 -1.1658652510959655e-05 
1649076996.8170836 -1.3577635574329179 0.5156383679641294 0.4129134879622143 0.175333099126874 -6.078055612648313 -2.3733475422268384 4.978186900596484 6.598990860642516 1.0310788470087573 0.05707841518596979 -1.0721734898615978 -1.1658652510959655e-05 -1.1658652510959655e-05 -1.1658652510959655e-05 -1.1658652510959655e-05 -1.1658652510959655e-05 
1649076996.8337045 -0.22222522500669584 -0.5654874430256314 0.4146830008539837 0.19172437644010643 -5.614955462311627 -2.1417974670548574 4.630873429377971 6.135913993370195 1.0361312719760463 0.05728796276525827 -1.0740827011395595 -1.1658652510959655e-05 -1.1658652510959655e-05 -1.1658652510959655e-05 -1.1658652510959655e-05 -1.1658652510959655e-05 
1649076996.8441167 -1.1954107495766948 0.641017669600842 0.4190835000190418 0.21351732469338458 -4.225701577437576 -1.7944839958363445 4.630873429377971 3.878364788914041 1.0482850315747783 0.0577769071169314 -1.0782969357896945 -1.1658652510959655e-05 -1.1658652510959655e-05 -1.1658652510959655e-05 -1.1658652510959655e-05 -1.1658652510959655e-05 
1649076996.8655376 -1.9536470238745096 -0.4040426746796584 0.4231813193546259 0.2270447850896744 -2.4312292402537423 -1.3313838455069344 3.762578109795868 1.9102240745851304 1.0616495105277863 0.058405549854796845 -1.0827672841551248 -1.1658652510959655e-05 -1.1658652510959655e-05 -1.1658652510959655e-05 -1.1658652510959655e-05 -1.1658652510959655e-05 
1649076996.8767023 -3.0498835436446825 -0.04161849468073342 0.4251370967613184 0.22927995926875155 -2.0839157690352295 -1.1658652510959655e-05 1.7365789805044187 1.5050289053397137 1.0690069588672486 0.058638380498450715 -1.085072307527298 -1.1658652510959655e-05 -1.1658652510959655e-05 -1.1658652510959655e-05 -1.1658652510959655e-05 -1.1658652510959655e-05 
1649076996.898145 -3.046670480762259 -0.39445005216111895 0.42611498546466464 0.18827848291402915 -0.6367569030626328 0.4630884916841751 1.0419287550030276 -0.3473251298710238 1.0851421224797377 0.05912732485012384 -1.0890537115337793 -1.1658652510959655e-05 -1.1658652510959655e-05 -1.1658652510959655e-05 -1.1658652510959655e-05 -1.1658652510959655e-05 
1649076996.9094312 -2.928602061343554 -1.0402524086093763 0.42464815240964526 0.09598441574780736 0.9840470569761237 1.3892655092859059 -0.5209935070161009 -1.7366022978094406 1.1019059288228163 0.059569703073066194 -1.0914751502277795 -1.1658652510959655e-05 -1.1658652510959655e-05 -1.1658652510959655e-05 -1.1658652510959655e-05 -1.1658652510959655e-05 
1649076996.9259305 -1.5532248828312731 -0.040361209205002524 0.42357713144883746 0.04390020074788481 2.0260107537033036 1.9102240745851304 -1.0419520723080495 -2.4312292402537423 1.1107069271529326 0.059709401459258515 -1.0919175284507219 -1.1658652510959655e-05 -1.1658652510959655e-05 -1.1658652510959655e-05 -1.1658652510959655e-05 -1.1658652510959655e-05 
1649076996.9470842 -0.4334026188516873 -0.5948939533263911 0.42245954435202293 -0.018451845637173392 3.936246486940945 2.836401092194137 -2.4891109382806462 -3.994151502272871 1.1281925084986142 0.05982581678108545 -1.0918243961932603 -1.1658652510959655e-05 -1.1658652510959655e-05 -1.1658652510959655e-05 -1.1658652510959655e-05 -1.1658652510959655e-05 
1649076996.9636521 -1.4457036915628123 -0.38397267318941886 0.4228087903247797 -0.01724112629017327 4.746636825431779 3.415264638577355 -3.2416428618089412 -6.309582404755929 1.146236883389065 0.06008193048910471 -1.0914751502277795 -1.1658652510959655e-05 -1.1658652510959655e-05 -1.1658652510959655e-05 -1.1658652510959655e-05 -1.1658652510959655e-05 
1649076996.9796035 -1.4457036915628123 -0.38397267318941886 0.4228087903247797 -0.012491381152358372 6.425345766561804 3.936246486940945 -3.415287955882377 -7.177877724330756 1.1551077309122775 0.06022162887529703 -1.0913587349059526 -1.1658652510959655e-05 -1.1658652510959655e-05 -1.1658652510959655e-05 -1.1658652510959655e-05 -1.1658652510959655e-05 
1649076996.9960594 -0.9336858229871723 1.6441917810880113 0.42150493871304207 -0.0032014384705689736 7.467286180224619 4.978186900596484 -4.457228369537916 -7.293664403448929 1.17270972757251 0.0604544595189509 -1.0912190365197603 -1.1658652510959655e-05 -1.1658652510959655e-05 -1.1658652510959655e-05 -1.1658652510959655e-05 -1.1658652510959655e-05 
1649076997.0238795 -2.5156769147215527 0.3818771631558775 0.4263710991726839 0.07107153686956735 9.261758517408452 6.0780322953432915 -4.109914898319403 -9.609095305931987 1.197436341935827 0.061176234514277894 -1.092406472802395 -1.1658652510959655e-05 -1.1658652510959655e-05 -1.1658652510959655e-05 -1.1658652510959655e-05 -1.1658652510959655e-05 
1649076997.0453117 -1.9427971158802393 -1.9087572757707676 0.42625468385085696 0.10955844228010392 9.261758517408452 6.251677389424003 -5.614955462311627 -11.577236020260898 1.2125237676518736 0.061409065157931764 -1.0942924010159913 -1.1658652510959655e-05 -1.1658652510959655e-05 -1.1658652510959655e-05 -1.1658652510959655e-05 -1.1658652510959655e-05 
1649076997.0781603 -0.2110493541113101 -1.089333108306164 0.42844329190120334 0.1014559358736733 10.998349156565382 7.988268028580933 -6.772682555085339 -12.329744660724828 1.2323609384911833 0.06192129257397028 -1.0979711251857225 -1.1658652510959655e-05 -1.1658652510959655e-05 -1.1658652510959655e-05 -1.1658652510959655e-05 -1.1658652510959655e-05 
1649076997.0942998 -4.8934831466540345 -3.762717842422717 0.43412435960635776 0.15456460570567288 10.998349156565382 6.425345766561804 -5.2676419910931145 -12.850726509088418 1.242093259403191 0.06261978450493189 -1.1008582251670305 -1.1658652510959655e-05 -1.1658652510959655e-05 -1.1658652510959655e-05 -1.1658652510959655e-05 -1.1658652510959655e-05 
1649076997.105687 2.7557951233393396 3.796757648291532 0.4359870047555887 0.10879010114877019 10.535249006235972 6.888422633834125 -6.193819008702121 -8.972350061521865 1.2465636077613453 0.06261978450493189 -1.1019292461278383 -1.1658652510959655e-05 -1.1658652510959655e-05 -1.1658652510959655e-05 -1.1658652510959655e-05 -1.1658652510959655e-05 
1649076997.1269834 3.1307455919668428 0.5972222255222732 0.4333094523535692 0.10783549550978933 11.461426023837703 7.235736105052638 -6.599014177947538 -11.808762812361238 1.2539210561008076 0.06266635063366266 -1.1041644203069154 -1.1658652510959655e-05 -1.1658652510959655e-05 -1.1658652510959655e-05 -1.1658652510959655e-05 -1.1658652510959655e-05 
1649076997.1432679 1.2305681425350485 0.2502347172048758 0.4349858329878771 0.04352767171803862 10.940444175481389 6.135913993370195 -5.4991920662650955 -10.130077154295577 1.258158573815308 0.06273619982675882 -1.1056079702975694 -1.1658652510959655e-05 -1.1658652510959655e-05 -1.1658652510959655e-05 -1.1658652510959655e-05 -1.1658652510959655e-05 
1649076997.1759074 0.8261180313493242 1.0986462998116622 0.43698817652330035 0.08075729165284429 10.130053836990555 4.92030520256958 -5.904387235510512 -8.798704967441154 1.2618372979850392 0.06210755708889337 -1.1074938985111658 -1.1658652510959655e-05 -1.1658652510959655e-05 -1.1658652510959655e-05 -1.1658652510959655e-05 -1.1658652510959655e-05 
1649076997.227464 6.759597438671335 0.7192254828260047 0.4379427821622812 0.04941828700975748 8.509249876944523 3.18371456341265 -4.399346671518288 -7.00423263025732 1.2635835278124432 0.06103653612808557 -1.1111959057525382 -1.1658652510959655e-05 -1.1658652510959655e-05 -1.1658652510959655e-05 -1.1658652510959655e-05 -1.1658652510959655e-05 
1649076997.243587 -2.6197754955283017 -0.46641800412908196 0.43840844344958896 0.05351610633806558 7.814599651443132 3.067951167358842 -5.325523689120018 -6.946350932230416 1.2566218915671925 0.0604544595189509 -1.1121970775202499 -1.1658652510959655e-05 -1.1658652510959655e-05 -1.1658652510959655e-05 -1.1658652510959655e-05 -1.1658652510959655e-05 
1649076997.2856271 2.1159532313686213 0.29018845566315576 0.44180777084693545 0.0747502610392985 4.283559958159458 1.9681057726120343 -4.109914898319403 -1.9102473918901524 1.2281001377123175 0.05854524824098917 -1.1156662541106925 -1.1658652510959655e-05 -1.1658652510959655e-05 -1.1658652510959655e-05 -1.1658652510959655e-05 -1.1658652510959655e-05 
1649076997.3089573 4.121742660783639 -0.18012944462680025 0.4413653926239931 0.07298074814752908 4.225678260132554 1.3313605282019125 -3.415287955882377 -3.067974484663864 1.2207426893728552 0.058172719211142976 -1.116411312170385 -1.1658652510959655e-05 -1.1658652510959655e-05 -1.1658652510959655e-05 -1.1658652510959655e-05 -1.1658652510959655e-05 
1649076997.3183763 1.8225633372276207 0.2822256476501934 0.44164478939637775 0.055565016002219636 2.0838924517302075 -0.4052068278979277 -1.0998570533993188 -0.8683069782346138 1.2046075257603661 0.05747422728018137 -1.1176453145817504 -1.1658652510959655e-05 -1.1658652510959655e-05 -1.1658652510959655e-05 -1.1658652510959655e-05 -1.1658652510959655e-05 
1649076997.3401268 1.8225633372276207 0.2822256476501934 0.44164478939637775 0.055565016002219636 2.0838924517302075 -0.4052068278979277 -1.0998570533993188 -0.8683069782346138 1.2046075257603661 0.05747422728018137 -1.1176453145817504 -1.1658652510959655e-05 -1.1658652510959655e-05 -1.1658652510959655e-05 -1.1658652510959655e-05 -1.1658652510959655e-05 
1649076997.3567407 1.8225633372276207 0.2822256476501934 0.44164478939637775 0.055565016002219636 2.0838924517302075 -0.4052068278979277 -1.0998570533993188 -0.8683069782346138 1.2046075257603661 0.05747422728018137 -1.1176453145817504 -1.1658652510959655e-05 -1.1658652510959655e-05 -1.1658652510959655e-05 -1.1658652510959655e-05 -1.1658652510959655e-05 
1649076997.3728392 1.8225633372276207 0.2822256476501934 0.44164478939637775 0.055565016002219636 2.0838924517302075 -0.4052068278979277 -1.0998570533993188 -0.8683069782346138 1.2046075257603661 0.05747422728018137 -1.1176453145817504 -1.1658652510959655e-05 -1.1658652510959655e-05 -1.1658652510959655e-05 -1.1658652510959655e-05 -1.1658652510959655e-05 
1649076997.3908498 1.8225633372276207 0.2822256476501934 0.44164478939637775 0.055565016002219636 2.0838924517302075 -0.4052068278979277 -1.0998570533993188 -0.8683069782346138 1.2046075257603661 0.05747422728018137 -1.1176453145817504 -1.1658652510959655e-05 -1.1658652510959655e-05 -1.1658652510959655e-05 -1.1658652510959655e-05 -1.1658652510959655e-05 
1649076997.4075992 1.8225633372276207 0.2822256476501934 0.44164478939637775 0.055565016002219636 2.0838924517302075 -0.4052068278979277 -1.0998570533993188 -0.8683069782346138 1.2046075257603661 0.05747422728018137 -1.1176453145817504 -1.1658652510959655e-05 -1.1658652510959655e-05 -1.1658652510959655e-05 -1.1658652510959655e-05 -1.1658652510959655e-05 
1649076997.4326158 1.8225633372276207 0.2822256476501934 0.44164478939637775 0.055565016002219636 2.0838924517302075 -0.4052068278979277 -1.0998570533993188 -0.8683069782346138 1.2046075257603661 0.05747422728018137 -1.1176453145817504 -1.1658652510959655e-05 -1.1658652510959655e-05 -1.1658652510959655e-05 -1.1658652510959655e-05 -1.1658652510959655e-05 
1649076997.4490592 1.8225633372276207 0.2822256476501934 0.44164478939637775 0.055565016002219636 2.0838924517302075 -0.4052068278979277 -1.0998570533993188 -0.8683069782346138 1.2046075257603661 0.05747422728018137 -1.1176453145817504 -1.1658652510959655e-05 -1.1658652510959655e-05 -1.1658652510959655e-05 -1.1658652510959655e-05 -1.1658652510959655e-05 
1649076997.4652529 1.1256779375471524 -0.5826237784058321 0.4445784555064165 0.08417990211455617 -6.656919159038807 -4.457228369537916 4.515110033324163 6.888422633834125 1.0966905224049697 0.05647305551246973 -1.1230469855145202 -1.1658652510959655e-05 -1.1658652510959655e-05 -1.1658652510959655e-05 -1.1658652510959655e-05 -1.1658652510959655e-05 
1649076997.4863582 2.7851085013826378 -0.035983993104309775 0.44537007969483966 0.08897621337382589 -6.830564253112243 -5.093996897019679 4.572991731351067 6.598990860642516 1.0886112990701804 0.05644977244810434 -1.123931741960405 -1.1658652510959655e-05 -1.1658652510959655e-05 -1.1658652510959655e-05 -1.1658652510959655e-05 -1.1658652510959655e-05 
1649076997.4979086 -0.10916266441927291 -1.8212362367994501 0.44611513775453204 0.07887136343924794 -8.046173043912859 -6.425369083866826 5.151855277741561 9.030208442243747 1.0745250451218453 0.05607724341825815 -1.1255848395303474 -1.1658652510959655e-05 -1.1658652510959655e-05 -1.1658652510959655e-05 -1.1658652510959655e-05 -1.1658652510959655e-05 
1649076997.5143554 5.593977387077757 1.2780655938549899 0.44720944177970523 0.08182831261365209 -8.509273194249545 -6.367487385839922 6.020150597316388 8.219818103752914 1.0623712855231133 0.05584441277460428 -1.127121521778463 -1.1658652510959655e-05 -1.1658652510959655e-05 -1.1658652510959655e-05 -1.1658652510959655e-05 -1.1658652510959655e-05 
1649076997.538657 -0.34027036136831157 1.9331113268635818 0.44821061354741687 0.0757979989357409 -8.393486515131372 -6.425369083866826 5.3255003718149965 8.509249876944523 1.0571093129765359 0.05575128051714273 -1.1278898629025207 -1.1658652510959655e-05 -1.1658652510959655e-05 -1.1658652510959655e-05 -1.1658652510959655e-05 -1.1658652510959655e-05 
1649076997.5471697 2.476142237181193 -5.460635311661463 0.4486762748347246 0.06983753445820184 -8.856586665468058 -5.441310368238192 5.44128705093317 9.724858667745139 1.0488438251268235 0.055495166809123475 -1.1293799790219055 -1.1658652510959655e-05 -1.1658652510959655e-05 -1.1658652510959655e-05 -1.1658652510959655e-05 -1.1658652510959655e-05 
1649076997.5703828 -1.2511969718107139 0.8714734407476499 0.44809419822558993 0.05041945877746912 -9.088113457568397 -4.80456512382807 5.0360685986233875 9.37752191346226 1.0426505299983546 0.05568143132404657 -1.1305441322401748 -1.1658652510959655e-05 -1.1658652510959655e-05 -1.1658652510959655e-05 -1.1658652510959655e-05 -1.1658652510959655e-05 
1649076997.5798569 2.8056208810958196 -2.994562982705247 0.44786136758193607 0.03246821614447981 -8.798704967441154 -5.151878595046583 4.572991731351067 9.84062206379167 1.0408344509778544 0.055565016002219636 -1.1308700951412902 -1.1658652510959655e-05 -1.1658652510959655e-05 -1.1658652510959655e-05 -1.1658652510959655e-05 -1.1658652510959655e-05 
1649076997.6210098 -2.5204033767950023 1.3917102310442715 0.449421332894417 0.04832398298458429 -7.698859572694346 -3.878388106219063 5.3255003718149965 7.119972709006106 1.0372255760012195 0.05568143132404657 -1.1321506636813865 -1.1658652510959655e-05 -1.1658652510959655e-05 -1.1658652510959655e-05 -1.1658652510959655e-05 -1.1658652510959655e-05 
1649076997.637996 0.22129386819142383 -0.7736613215674879 0.4510511473999941 0.0779633239217219 -7.583096176640538 -3.531051351936185 4.862423504542676 7.119972709006106 1.038878673571162 0.055867695838969667 -1.1329190048054443 -1.1658652510959655e-05 -1.1658652510959655e-05 -1.1658652510959655e-05 -1.1658652510959655e-05 -1.1658652510959655e-05 
1649076997.6692142 -0.31286619460297516 -0.21167799684917554 0.45407794577477034 0.12310918574075913 -6.0201739146214095 -2.4891109382806462 3.704696411768964 5.962245616232394 1.0473769920645282 0.0559841111607966 -1.1361087846235023 -1.1658652510959655e-05 -1.1658652510959655e-05 -1.1658652510959655e-05 -1.1658652510959655e-05 -1.1658652510959655e-05 
1649076997.6778374 -1.972622721339576 -1.7821905378514202 0.45479972077009734 0.10892979953496251 -5.441310368238192 -3.125856182690768 3.820459807822772 6.193795691397099 1.0552932339560357 0.0561703756757197 -1.1383905249313102 -1.1658652510959655e-05 -1.1658652510959655e-05 -1.1658652510959655e-05 -1.1658652510959655e-05 -1.1658652510959655e-05 
1649076997.7174482 -1.0244897740340093 0.83994817158964 0.4593166352569824 0.12555390749912476 -2.894306107518787 -1.5050522226447356 3.762578109795868 1.9681057726120343 1.0750605556022492 0.05644977244810434 -1.1419993999079452 -1.1658652510959655e-05 -1.1658652510959655e-05 -1.1658652510959655e-05 -1.1658652510959655e-05 -1.1658652510959655e-05 
1649076997.7509365 -4.158366955278325 -0.34706901616300456 0.46583589327929076 0.18108401602512458 0.3473018125660019 0.8682836609295919 0.7524969818114187 -1.2735021474800305 1.1033727618778357 0.05752079340891214 -1.1486350732593564 -1.1658652510959655e-05 -1.1658652510959655e-05 -1.1658652510959655e-05 -1.1658652510959655e-05 -1.1658652510959655e-05 
1649076997.7834544 -0.9782728912541643 0.12450616960268235 0.4670000464975601 0.12804519538622117 2.604851017022156 2.5469693189952523 -1.6786973167254473 -2.7206610134453513 1.1286348867215565 0.057939888567489106 -1.1533149691967992 -1.1658652510959655e-05 -1.1658652510959655e-05 -1.1658652510959655e-05 -1.1658652510959655e-05 -1.1658652510959655e-05 
1649076997.848507 -3.533705621273839 0.8687958883456304 0.4710978658258682 0.1010834068438271 7.64095455736242 4.978186900596484 -4.399346671518288 -6.830564253112243 1.188053266996576 0.059104041785758454 -1.1602533223776845 -1.1658652510959655e-05 -1.1658652510959655e-05 -1.1658652510959655e-05 -1.1658652510959655e-05 -1.1658652510959655e-05 
1649076997.8739371 -2.4066190412122523 1.673295611544745 0.4719826222717529 0.033050292753614485 9.088090140263375 6.425345766561804 -5.2676419910931145 -9.435450211851276 1.213268825711566 0.05922045710758539 -1.1619529860763578 -1.1658652510959655e-05 -1.1658652510959655e-05 -1.1658652510959655e-05 -1.1658652510959655e-05 -1.1658652510959655e-05 
1649076997.9066772 -2.3878994574552053 0.7353373633668525 0.4732166246831184 0.051443913609546144 10.5931307042556 6.598990860642516 -5.904387235510512 -10.303722248369013 1.2347358110564528 0.059336872429412324 -1.163349969938281 0.059336872429412324 -1.1658652510959655e-05 -1.1658652510959655e-05 -1.1658652510959655e-05 -1.1658652510959655e-05 
1649076998.013263 2.981640847734525 2.1577230488474015 0.47570791257021483 0.048067869276565034 11.519307721864607 7.409404482197715 -6.656919159038807 -11.22989926597802 1.2883799913688563 0.05968611839489313 -1.167983299746993 -1.1658652510959655e-05 -1.1658652510959655e-05 -1.1658652510959655e-05 -1.1658652510959655e-05 -1.1658652510959655e-05 
1649076998.0444167 -1.4348072174398112 -0.01854497789463494 0.47587089402077254 0.03954626771155745 10.130053836990555 5.672813843033509 -6.541132479920634 -9.377545230767282 1.2832111510797404 0.05945328775123926 -1.1694966989307432 -1.1658652510959655e-05 -1.1658652510959655e-05 -1.1658652510959655e-05 -1.1658652510959655e-05 -1.1658652510959655e-05 
1649076998.0702062 -0.7998547689858242 1.4184391889430117 0.47570791257021483 0.042410084628500044 9.261758517408452 5.672813843033509 -6.193819008702121 -9.782763683077064 1.2728269043727778 0.05912732485012384 -1.171289494886878 -1.1658652510959655e-05 -1.1658652510959655e-05 -1.1658652510959655e-05 -1.1658652510959655e-05 -1.1658652510959655e-05 
1649076998.0865521 2.502778062822472 -0.6020418540865649 0.47533538354036864 0.03502935322467238 8.740776669044863 5.151855277741561 -5.4991920662650955 -8.219841421057936 1.2676813471480273 0.05905747565702768 -1.1716387408523588 -1.1658652510959655e-05 -1.1658652510959655e-05 -1.1658652510959655e-05 -1.1658652510959655e-05 -1.1658652510959655e-05 
1649076998.1081533 1.5829573217924917 3.008556070148188 0.4743807779013878 0.014214293674740475 8.10403142463474 3.994128184967849 -4.862446821847698 -8.335604817104468 1.2552481907696347 0.05882464501337381 -1.1719414206891088 -1.1658652510959655e-05 -1.1658652510959655e-05 -1.1658652510959655e-05 -1.1658652510959655e-05 -1.1658652510959655e-05 
1649076998.1406472 6.204808580841927 0.2893735484103672 0.47587089402077254 0.02380691620055586 5.151855277741561 3.473146336604259 -3.878388106219063 -5.614955462311627 1.2341770175116835 0.058638380498450715 -1.172430365040782 -1.1658652510959655e-05 -1.1658652510959655e-05 -1.1658652510959655e-05 -1.1658652510959655e-05 -1.1658652510959655e-05 
1649076998.151843 1.6835401598727913 -0.20357549045002088 0.4757311956345802 0.03982566448394209 4.16779656210565 2.6627559981134254 -2.6627793154184474 -4.225701577437576 1.2189033272879897 0.0586616635628161 -1.1732452722935705 -1.1658652510959655e-05 -1.1658652510959655e-05 -1.1658652510959655e-05 -1.1658652510959655e-05 -1.1658652510959655e-05 
1649076998.2252016 2.7453177443749155 -1.0830932470562402 0.4651839674770599 -0.14359831663023215 -3.473169653909281 -2.7206610134453513 5.962245616232394 1.9102240745851304 1.154292823659489 0.06050102564768167 -1.1711032303719549 -1.1658652510959655e-05 -1.1658652510959655e-05 -1.1658652510959655e-05 -1.1658652510959655e-05 -1.1658652510959655e-05 
1649076998.240746 1.8461956475657644 -1.3570883485663217 0.461877772337175 -0.19191067519568605 -4.515133350629185 -3.531051351936185 6.0780322953432915 3.2416195445039193 1.1449330317846034 0.06092012080625864 -1.1691940190939931 -1.1658652510959655e-05 -1.1658652510959655e-05 -1.1658652510959655e-05 -1.1658652510959655e-05 -1.1658652510959655e-05 
1649076998.2500732 2.1432176997404895 -0.06755582839105045 0.4564993844687706 -0.2224813387147151 -6.135937310675217 -5.093996897019679 5.499168748960074 5.0360685986233875 1.126492844799941 0.06138578209356638 -1.1648866521863965 -1.1658652510959655e-05 -1.1658652510959655e-05 -1.1658652510959655e-05 -1.1658652510959655e-05 -1.1658652510959655e-05 
1649076998.266503 3.2449257396438043 -0.5575944842057652 0.4548695699631935 -0.2235523596755229 -6.48325078189373 -5.962268933537416 6.0780322953432915 5.730718824124779 1.1176219972767285 0.061478914351027925 -1.1626514780073194 -1.1658652510959655e-05 -1.1658652510959655e-05 -1.1658652510959655e-05 -1.1658652510959655e-05 -1.1658652510959655e-05 
1649076998.2826445 3.6898185336394818 0.5236477421130985 0.451586657880398 -0.19533328565739794 -7.75674127072125 -6.0201739146214095 6.541109162615612 6.888422633834125 1.1005787941539893 0.06180487725214334 -1.158600224807742 -1.1658652510959655e-05 -1.1658652510959655e-05 -1.1658652510959655e-05 -1.1658652510959655e-05 -1.1658652510959655e-05 
1649076998.3206792 5.629227946534229 -0.11472731680987636 0.4503293724046671 -0.10343503058538772 -8.856586665468058 -7.467309497529641 6.251677389424003 8.972326744216844 1.0774121451031533 0.06138578209356638 -1.1544791224150686 -1.1658652510959655e-05 -1.1658652510959655e-05 -1.1658652510959655e-05 -1.1658652510959655e-05 -1.1658652510959655e-05 
1649076998.3369608 5.629227946534229 -0.11472731680987636 0.4503293724046671 -0.10343503058538772 -8.856586665468058 -7.467309497529641 6.251677389424003 8.972326744216844 1.0774121451031533 0.06138578209356638 -1.1544791224150686 -1.1658652510959655e-05 -1.1658652510959655e-05 -1.1658652510959655e-05 -1.1658652510959655e-05 -1.1658652510959655e-05 
1649076998.3482482 5.629227946534229 -0.11472731680987636 0.4503293724046671 -0.10343503058538772 -8.856586665468058 -7.467309497529641 6.251677389424003 8.972326744216844 1.0774121451031533 0.06138578209356638 -1.1544791224150686 -1.1658652510959655e-05 -1.1658652510959655e-05 -1.1658652510959655e-05 -1.1658652510959655e-05 -1.1658652510959655e-05 
1649076998.3698885 5.629227946534229 -0.11472731680987636 0.4503293724046671 -0.10343503058538772 -8.856586665468058 -7.467309497529641 6.251677389424003 8.972326744216844 1.0774121451031533 0.06138578209356638 -1.1544791224150686 -1.1658652510959655e-05 -1.1658652510959655e-05 -1.1658652510959655e-05 -1.1658652510959655e-05 -1.1658652510959655e-05 
1649076998.3808746 5.629227946534229 -0.11472731680987636 0.4503293724046671 -0.10343503058538772 -8.856586665468058 -7.467309497529641 6.251677389424003 8.972326744216844 1.0774121451031533 0.06138578209356638 -1.1544791224150686 -1.1658652510959655e-05 -1.1658652510959655e-05 -1.1658652510959655e-05 -1.1658652510959655e-05 -1.1658652510959655e-05 
1649076998.4135494 5.629227946534229 -0.11472731680987636 0.4503293724046671 -0.10343503058538772 -8.856586665468058 -7.467309497529641 6.251677389424003 8.972326744216844 1.0774121451031533 0.06138578209356638 -1.1544791224150686 -1.1658652510959655e-05 -1.1658652510959655e-05 -1.1658652510959655e-05 -1.1658652510959655e-05 -1.1658652510959655e-05 
1649076998.4379332 5.629227946534229 -0.11472731680987636 0.4503293724046671 -0.10343503058538772 -8.856586665468058 -7.467309497529641 6.251677389424003 8.972326744216844 1.0774121451031533 0.06138578209356638 -1.1544791224150686 -1.1658652510959655e-05 -1.1658652510959655e-05 -1.1658652510959655e-05 -1.1658652510959655e-05 -1.1658652510959655e-05 
1649076998.4519014 5.629227946534229 -0.11472731680987636 0.4503293724046671 -0.10343503058538772 -8.856586665468058 -7.467309497529641 6.251677389424003 8.972326744216844 1.0774121451031533 0.06138578209356638 -1.1544791224150686 -1.1658652510959655e-05 -1.1658652510959655e-05 -1.1658652510959655e-05 -1.1658652510959655e-05 -1.1658652510959655e-05 
1649076998.4667604 0.5964306013338501 -1.6713165853143437 0.4632747561990982 0.06096668693498941 -13.892666922743956 -9.20390013668657 8.39346319782635 14.760938925021037 0.9878421964749577 0.05905747565702768 -1.1685653763561277 -1.1658652510959655e-05 -1.1658652510959655e-05 -1.1658652510959655e-05 -1.1658652510959655e-05 -1.1658652510959655e-05 
1649076998.520206 -5.364127009845106 -2.063380106257682 0.4631117747485405 0.03700841369573027 -11.172017567951116 -6.367487385839922 7.467286180224619 10.824680779427581 1.0146177204951528 0.05980253371672006 -1.1703581723122625 -1.1658652510959655e-05 -1.1658652510959655e-05 -1.1658652510959655e-05 -1.1658652510959655e-05 -1.1658652510959655e-05 
1649076998.536565 0.223831722207251 -1.8703169364962378 0.46336788845655974 0.037194678210653365 -9.840645381096692 -5.904387235510512 6.483227464588708 9.898503761818574 1.0328250768361613 0.059942232102912385 -1.1711265134363202 -1.1658652510959655e-05 -1.1658652510959655e-05 -1.1658652510959655e-05 -1.1658652510959655e-05 -1.1658652510959655e-05 
1649076998.5674665 -7.626938186855114 -1.2455391871699248 0.46762868923542555 0.09684588912932668 -4.28358327546448 -2.0260340710083256 5.151855277741561 1.7365789805044187 1.0582967492591706 0.06119951757864328 -1.1729658755211858 -1.1658652510959655e-05 -1.1658652510959655e-05 -1.1658652510959655e-05 -1.1658652510959655e-05 -1.1658652510959655e-05 
1649076998.5934775 -3.908842354416265 1.6559497285925318 0.48206418914196547 0.32171372482116567 0.057870039374392945 0.6367335857576109 2.3733242249218165 0.6367335857576109 1.0859803127968917 0.0627827659554896 -1.180742419026501 -1.1658652510959655e-05 -1.1658652510959655e-05 -1.1658652510959655e-05 -1.1658652510959655e-05 -1.1658652510959655e-05 
1649076998.609746 -5.414278730502701 -1.2659817176827346 0.4836241544544464 0.3250199199610506 0.810401962902688 0.9261653589564958 0.3473018125660019 -1.8523656938632485 1.1049327271903167 0.06310872885660501 -1.1874013754350017 -1.1658652510959655e-05 -1.1658652510959655e-05 -1.1658652510959655e-05 -1.1658652510959655e-05 -1.1658652510959655e-05 
1649076998.6587694 -2.445105946615513 0.9051873179560062 0.4816218109190231 0.0285566613310948 5.7886005221516825 3.125832865385746 -2.836424409499159 -5.614955462311627 1.1531752365699504 0.06324842724279733 -1.1938740673285793 -1.1658652510959655e-05 -1.1658652510959655e-05 -1.1658652510959655e-05 -1.1658652510959655e-05 -1.1658652510959655e-05 
1649076998.6808639 -0.854476837994298 -0.6890972317705746 0.48457876009342726 0.0448082402581349 7.177854407025734 4.746636825431779 -3.067974484663864 -7.177877724330756 1.1710566300025675 0.06336484256462427 -1.1944794270020793 -1.1658652510959655e-05 -1.1658652510959655e-05 -1.1658652510959655e-05 -1.1658652510959655e-05 -1.1658652510959655e-05 
1649076998.7137177 -0.821321754330711 0.47140054566261824 0.49151711328158854 0.17107229834073223 9.261758517408452 6.598990860642516 -4.225701577437576 -8.856586665468058 1.1951778846923844 0.06436601433233591 -1.1983909818154643 -1.1658652510959655e-05 -1.1658652510959655e-05 -1.1658652510959655e-05 -1.1658652510959655e-05 -1.1658652510959655e-05 
1649076998.740621 1.3142707589504425 0.7926369847846217 0.49452062858472345 0.17575219428545097 9.66695368665387 7.119972709006106 -5.093996897019679 -10.187958852322481 1.2153875845688162 0.0650877893276629 -1.204141898713715 0.0650877893276629 -1.1658652510959655e-05 -1.1658652510959655e-05 -1.1658652510959655e-05 -1.1658652510959655e-05 
1649076998.7732732 0.3706081600030302 -3.259687236692116 0.4964065567983198 0.08604254726378713 10.014267157872382 5.672813843033509 -6.0201739146214095 -9.551213607905083 1.2349453586357413 0.0654603183575091 -1.2084958317573182 -1.1658652510959655e-05 -1.1658652510959655e-05 -1.1658652510959655e-05 -1.1658652510959655e-05 -1.1658652510959655e-05 
1649076998.8060222 0.9988783689841512 0.8156639354492654 0.49717489792237757 0.07691558602527948 9.203876819381549 5.730718824124779 -4.862446821847698 -9.261781834713474 1.2427451852054219 0.06569314900116296 -1.2109172704513185 -1.1658652510959655e-05 -1.1658652510959655e-05 -1.1658652510959655e-05 -1.1658652510959655e-05 -1.1658652510959655e-05 
1649076998.8461733 0.3315391779906349 -1.582398562488379 0.4964065567983198 0.029045605682767928 8.335581499799446 5.093973579714657 -5.4991920662650955 -9.146018438659667 1.243350544878922 0.06576299819425913 -1.2122444051201455 -1.1658652510959655e-05 -1.1658652510959655e-05 -1.1658652510959655e-05 -1.1658652510959655e-05 -1.1658652510959655e-05 
1649076998.8714461 2.2685504352484713 1.8839374949093326 0.4917499439252424 -0.05151379704329884 7.64095455736242 4.457205052232894 -4.515133350629185 -8.046173043912859 1.236435474762402 0.06585613045172067 -1.211429497867357 -1.1658652510959655e-05 -1.1658652510959655e-05 -1.1658652510959655e-05 -1.1658652510959655e-05 -1.1658652510959655e-05 
1649076998.8944886 3.4343800344286137 -0.21796442422783002 0.4910281689299154 -0.08117642105207779 6.425345766561804 3.125832865385746 -4.515133350629185 -7.293664403448929 1.2308242562430678 0.06573971512989374 -1.2100325140054338 -1.1658652510959655e-05 -1.1658652510959655e-05 -1.1658652510959655e-05 -1.1658652510959655e-05 -1.1658652510959655e-05 
1649076998.903968 0.41673191051813774 -1.636974065368122 0.4882109181417036 -0.07079217433783924 5.730718824124779 3.531028034631163 -3.473169653909281 -6.425369083866826 1.2214644643681822 0.06576299819425913 -1.2085656809504144 -1.1658652510959655e-05 -1.1658652510959655e-05 -1.1658652510959655e-05 -1.1658652510959655e-05 -1.1658652510959655e-05 
1649076998.9203212 1.0576448234569398 -1.0106829168580589 0.4873261616958189 -0.06913907676789677 5.614932145006605 3.2995012425235473 -3.531051351936185 -6.656919159038807 1.2155039998906432 0.06585613045172067 -1.2078671890194528 -1.1658652510959655e-05 -1.1658652510959655e-05 -1.1658652510959655e-05 -1.1658652510959655e-05 -1.1658652510959655e-05 
1649076998.9411027 2.079165989656758 0.5795736627333099 0.4858360455764341 -0.07090858965966618 4.16779656210565 2.7785193941672333 -3.2416428618089412 -3.878388106219063 1.2028380128685967 0.06594926270918222 -1.2064469220931642 -1.1658652510959655e-05 -1.1658652510959655e-05 -1.1658652510959655e-05 -1.1658652510959655e-05 -1.1658652510959655e-05 
1649076998.9531431 5.32089032507065 0.33971153358288575 0.4863948391212034 -0.033539271345944144 2.836401092194137 1.4471472073128098 -1.9102473918901524 -3.183737880717672 1.1874246242587105 0.06585613045172067 -1.2055621656472795 -1.1658652510959655e-05 -1.1658652510959655e-05 -1.1658652510959655e-05 -1.1658652510959655e-05 -1.1658652510959655e-05 
1649076998.9736633 4.164956028253073 -0.09777724594459869 0.4866276697648573 -0.01623995452246163 2.1996558477767394 0.17365671849256614 0.057870039374392945 -2.1417974670548574 1.1791125702802674 0.06585613045172067 -1.2053991841967218 -1.1658652510959655e-05 -1.1658652510959655e-05 -1.1658652510959655e-05 -1.1658652510959655e-05 -1.1658652510959655e-05 
1649076999.002667 3.309955338430882 -0.6830669180999394 0.4876055584682035 0.03791645320598036 -1.6208156186985434 -2.257560863108665 2.1996558477767394 1.6786739994204254 1.1434894817939494 0.06592597964481683 -1.2062140914495103 -1.1658652510959655e-05 -1.1658652510959655e-05 -1.1658652510959655e-05 -1.1658652510959655e-05 -1.1658652510959655e-05 
1649076999.0263054 3.0378228820627555 -0.39424050458183046 0.48788495524058817 0.042782613658346236 -2.4891109382806462 -1.6786973167254473 1.8523423765582265 2.7206376961403294 1.1341296899117879 0.06590269658045145 -1.2066564696724527 -1.1658652510959655e-05 -1.1658652510959655e-05 -1.1658652510959655e-05 -1.1658652510959655e-05 -1.1658652510959655e-05 
1649076999.037181 2.6805675423602224 -0.2826680601137923 0.48849031491408823 0.058335700661700685 -4.28358327546448 -3.0100927866369602 3.18371456341265 4.515110033324163 1.115247124711459 0.06587941351608606 -1.2077740567619912 -1.1658652510959655e-05 -1.1658652510959655e-05 -1.1658652510959655e-05 -1.1658652510959655e-05 -1.1658652510959655e-05 
1649076999.0742118 1.4392542484929436 -0.8279807107392116 0.4912144334448385 0.08143250051944051 -6.251700706729025 -6.309582404755929 4.052009882987477 7.583072859335516 1.0883086192334304 0.06525077077822061 -1.2097531172330491 -1.1658652510959655e-05 -1.1658652510959655e-05 -1.1658652510959655e-05 -1.1658652510959655e-05 -1.1658652510959655e-05 
1649076999.0902436 2.000445949022833 -0.4659523428417742 0.4920759068263578 0.08899949643819127 -7.119996026311128 -6.772682555085339 6.251677389424003 8.682894971017959 1.071498246754345 0.06469197723345133 -1.2114993470604531 -1.1658652510959655e-05 -1.1658652510959655e-05 -1.1658652510959655e-05 -1.1658652510959655e-05 -1.1658652510959655e-05 
1649076999.1493454 4.379439617237949 -1.366075611418637 0.4944740624559927 0.06322514417843195 -10.303722248369013 -7.409427799502737 6.714777539760689 11.229875948672998 1.0288669558940455 0.06378393772320123 -1.2166449042852037 -1.1658652510959655e-05 -1.1658652510959655e-05 -1.1658652510959655e-05 -1.1658652510959655e-05 -1.1658652510959655e-05 
1649076999.1753585 -1.8351827923615929 2.7314876041345997 0.49365915520320414 0.039639399969018996 -11.40356764311582 -7.23575942235766 6.425345766561804 11.11411255261919 1.0182731616077945 0.06362095627264353 -1.2174830946023576 -1.1658652510959655e-05 -1.1658652510959655e-05 -1.1658652510959655e-05 -1.1658652510959655e-05 -1.1658652510959655e-05 
1649076999.1893716 0.6246962414807058 -0.854779517831048 0.493589306010108 0.013655500129971188 -10.593154021560622 -7.351546101475833 6.309559087450907 11.461426023837703 1.0117539035782102 0.06334155950025888 -1.2179021897609346 -1.1658652510959655e-05 -1.1658652510959655e-05 -1.1658652510959655e-05 -1.1658652510959655e-05 -1.1658652510959655e-05 
1649076999.2054539 -0.3733788789031678 2.683012264118588 0.49272783262858866 0.014377275125298183 -10.94046749278641 -5.846505537483608 6.0780322953432915 10.130053836990555 1.0094255971416715 0.06338812562898966 -1.2180418881471269 -1.1658652510959655e-05 -1.1658652510959655e-05 -1.1658652510959655e-05 -1.1658652510959655e-05 -1.1658652510959655e-05 
1649076999.2145743 1.8503400330228033 1.5716883186323685 0.49237858666310785 0.002037251011643093 -10.766822398705699 -6.135937310675217 5.846482220178586 10.5931307042556 1.0059797036155942 0.06341140869335504 -1.21822815266205 -1.1658652510959655e-05 -1.1658652510959655e-05 -1.1658652510959655e-05 -1.1658652510959655e-05 -1.1658652510959655e-05 
1649076999.247246 -4.846521205821773 0.07586784812883707 0.49277439875731943 0.024784804903902113 -8.856586665468058 -5.4991920662650955 5.267618673788093 9.37752191346226 1.0060961189374211 0.06362095627264353 -1.218717097013723 -1.1658652510959655e-05 -1.1658652510959655e-05 -1.1658652510959655e-05 -1.1658652510959655e-05 -1.1658652510959655e-05 
1649076999.2690423 0.33095710138150025 -0.3947294489335036 0.4946370439065504 0.03700841369573027 -9.435450211851276 -5.441310368238192 5.0360685986233875 9.088090140263375 1.011567639063287 0.0634812578864512 -1.2194155889446847 -1.1658652510959655e-05 -1.1658652510959655e-05 -1.1658652510959655e-05 -1.1658652510959655e-05 -1.1658652510959655e-05 
1649076999.3024414 -0.16196865441452246 1.5084515158014256 0.4901434124840307 -0.027299410096020438 -7.583096176640538 -4.225701577437576 4.283559958159458 6.772659237780317 1.0234652849612758 0.06357439014391275 -1.2192293244297616 -1.1658652510959655e-05 -1.1658652510959655e-05 -1.1658652510959655e-05 -1.1658652510959655e-05 -1.1658652510959655e-05 
1649076999.318452 -5.2943010997987585 -0.5422043786529684 0.4892353729737806 -0.045180803528637625 -7.062114328284224 -3.76260142710089 4.109891581014381 5.90436391820549 1.0297749954042956 0.06371408853010507 -1.2187636631424539 -1.1658652510959655e-05 -1.1658652510959655e-05 -1.1658652510959655e-05 -1.1658652510959655e-05 -1.1658652510959655e-05 
1649076999.3290136 -5.2943010997987585 -0.5422043786529684 0.4892353729737806 -0.045180803528637625 -7.062114328284224 -3.76260142710089 4.109891581014381 5.90436391820549 1.0297749954042956 0.06371408853010507 -1.2187636631424539 -1.1658652510959655e-05 -1.1658652510959655e-05 -1.1658652510959655e-05 -1.1658652510959655e-05 -1.1658652510959655e-05 
1649076999.3453543 -5.2943010997987585 -0.5422043786529684 0.4892353729737806 -0.045180803528637625 -7.062114328284224 -3.76260142710089 4.109891581014381 5.90436391820549 1.0297749954042956 0.06371408853010507 -1.2187636631424539 -1.1658652510959655e-05 -1.1658652510959655e-05 -1.1658652510959655e-05 -1.1658652510959655e-05 -1.1658652510959655e-05 
1649076999.3617773 -5.2943010997987585 -0.5422043786529684 0.4892353729737806 -0.045180803528637625 -7.062114328284224 -3.76260142710089 4.109891581014381 5.90436391820549 1.0297749954042956 0.06371408853010507 -1.2187636631424539 -1.1658652510959655e-05 -1.1658652510959655e-05 -1.1658652510959655e-05 -1.1658652510959655e-05 -1.1658652510959655e-05 
1649076999.383253 -5.2943010997987585 -0.5422043786529684 0.4892353729737806 -0.045180803528637625 -7.062114328284224 -3.76260142710089 4.109891581014381 5.90436391820549 1.0297749954042956 0.06371408853010507 -1.2187636631424539 -1.1658652510959655e-05 -1.1658652510959655e-05 -1.1658652510959655e-05 -1.1658652510959655e-05 -1.1658652510959655e-05 
1649076999.399587 -5.2943010997987585 -0.5422043786529684 0.4892353729737806 -0.045180803528637625 -7.062114328284224 -3.76260142710089 4.109891581014381 5.90436391820549 1.0297749954042956 0.06371408853010507 -1.2187636631424539 -1.1658652510959655e-05 -1.1658652510959655e-05 -1.1658652510959655e-05 -1.1658652510959655e-05 -1.1658652510959655e-05 
1649076999.4157064 -5.2943010997987585 -0.5422043786529684 0.4892353729737806 -0.045180803528637625 -7.062114328284224 -3.76260142710089 4.109891581014381 5.90436391820549 1.0297749954042956 0.06371408853010507 -1.2187636631424539 -1.1658652510959655e-05 -1.1658652510959655e-05 -1.1658652510959655e-05 -1.1658652510959655e-05 -1.1658652510959655e-05 
1649076999.4319386 -5.2943010997987585 -0.5422043786529684 0.4892353729737806 -0.045180803528637625 -7.062114328284224 -3.76260142710089 4.109891581014381 5.90436391820549 1.0297749954042956 0.06371408853010507 -1.2187636631424539 -1.1658652510959655e-05 -1.1658652510959655e-05 -1.1658652510959655e-05 -1.1658652510959655e-05 -1.1658652510959655e-05 
1649076999.4484272 -0.29985096162272384 -0.45875787595286965 0.4910281689299154 0.06718326512054773 1.1577154341212008 0.520970189711079 -0.8683069782346138 -1.0419520723080495 1.0957591998303542 0.06571643206552835 -1.219788117974531 -1.1658652510959655e-05 -1.1658652510959655e-05 -1.1658652510959655e-05 -1.1658652510959655e-05 -1.1658652510959655e-05 
1649076999.4599578 0.3395951182610588 -0.4081404940079665 0.49098160280118464 0.05060572329239221 1.6207923013935215 0.7524969818114187 -0.463111808989197 -1.5629339206716395 1.117226185182517 0.06569314900116296 -1.2209057050640695 -1.1658652510959655e-05 -1.1658652510959655e-05 -1.1658652510959655e-05 -1.1658652510959655e-05 -1.1658652510959655e-05 
1649076999.4812982 -0.8329632865206804 -0.054354330895876046 0.4906789229644346 0.037730188691057265 3.704696411768964 3.125832865385746 -3.473169653909281 -3.646838031054358 1.1271214875378064 0.06564658287243219 -1.221301517158281 -1.1658652510959655e-05 -1.1658652510959655e-05 -1.1658652510959655e-05 -1.1658652510959655e-05 -1.1658652510959655e-05 
1649076999.4973288 -5.843222625408089 -0.37791907645441825 0.4890723915232229 0.003457517937931698 6.135913993370195 3.18371456341265 -2.4312292402537423 -6.888445951139147 1.1452822777500842 0.06601911190227838 -1.2215576308663003 -1.1658652510959655e-05 -1.1658652510959655e-05 -1.1658652510959655e-05 -1.1658652510959655e-05 -1.1658652510959655e-05 
1649076999.50877 -1.4181365433469182 1.2134318071621237 0.4860223100913572 -0.04706673174950993 5.267618673788093 3.415264638577355 -3.8204831251277938 -5.2676419910931145 1.1620693671575282 0.06576299819425913 -1.220882421999704 -1.1658652510959655e-05 -1.1658652510959655e-05 -1.1658652510959655e-05 -1.1658652510959655e-05 -1.1658652510959655e-05 
1649076999.548086 -0.09251527339802124 1.2802542019053362 0.48846703184972284 -0.00790461747237714 7.698836255389324 4.572991731351067 -4.052033200292499 -7.177877724330756 1.184327976698114 0.06606567803100916 -1.220277062326204 -1.1658652510959655e-05 -1.1658652510959655e-05 -1.1658652510959655e-05 -1.1658652510959655e-05 -1.1658652510959655e-05 
1649076999.5905898 -0.22576425079023466 -0.5925656468898524 0.4888628439439344 0.04634492250625044 8.277699801772542 4.804541806523048 -4.920328519874602 -8.451368213158275 1.2101488950866042 0.06592597964481683 -1.2225122365052812 -1.1658652510959655e-05 -1.1658652510959655e-05 -1.1658652510959655e-05 -1.1658652510959655e-05 -1.1658652510959655e-05 
1649076999.6318474 -0.39710432149877306 -1.0175048547243932 0.48972431732545374 0.03421444597188383 6.830540935807221 4.225678260132554 -3.357406257855473 -6.830564253112243 1.21440969586547 0.06604239496664377 -1.2234435590798967 -1.1658652510959655e-05 -1.1658652510959655e-05 -1.1658652510959655e-05 -1.1658652510959655e-05 -1.1658652510959655e-05 
1649076999.6558943 2.096488589551882 -1.3545504945504945 0.4957080648673582 0.12415692363720154 6.656895841733785 3.878364788914041 -3.588956333027454 -5.2676419910931145 1.2104282918589888 0.06606567803100916 -1.22665662196232 -1.1658652510959655e-05 -1.1658652510959655e-05 -1.1658652510959655e-05 -1.1658652510959655e-05 -1.1658652510959655e-05 
1649076999.688659 1.6204896215567715 -0.6334972740514786 0.49934022290835856 0.1707929015683476 5.672813843033509 3.125832865385746 -2.778542711472255 -5.4991920662650955 1.1992989870850579 0.06597254577354761 -1.2313830840284936 -1.2313830840284936 -1.1658652510959655e-05 -1.1658652510959655e-05 -1.1658652510959655e-05 -1.1658652510959655e-05 
1649076999.777454 2.641777957112936 -0.19158471229457064 0.500387960804801 0.021851138793863356 0.057870039374392945 0.11575173740129685 -0.11577505470631877 -0.2894434318441199 1.1546187865606043 0.06553016755060526 -1.2395787226923858 -1.1658652510959655e-05 -1.1658652510959655e-05 -1.1658652510959655e-05 -1.1658652510959655e-05 -1.1658652510959655e-05 
1649076999.7935607 1.5925732273753965 0.15672993069165386 0.49829248501191614 -0.028486846378655173 -0.8104252802077099 -0.6946386010895367 -1.1658652510959655e-05 0.4051835105929058 1.1363415810264996 0.06550688448623987 -1.2392527597912704 -1.1658652510959655e-05 -1.1658652510959655e-05 -1.1658652510959655e-05 -1.1658652510959655e-05 -1.1658652510959655e-05 
1649076999.8194172 4.627986329396663 -0.2039014533511363 0.4979665221108007 -0.027718505254597403 -3.183737880717672 -5.151878595046583 3.473146336604259 3.2416195445039193 1.1095660569990287 0.06511107239202829 -1.237902342058078 -1.1658652510959655e-05 -1.1658652510959655e-05 -1.1658652510959655e-05 -1.1658652510959655e-05 -1.1658652510959655e-05 
1649076999.835937 2.8722337282597437 -0.7256050767027773 0.4983856172693777 0.007974432424816769 -4.630896746682993 -4.341464973491384 3.762578109795868 4.515110033324163 1.0908231901848922 0.06490152481273981 -1.2378790589937125 -1.1658652510959655e-05 -1.1658652510959655e-05 -1.1658652510959655e-05 -1.1658652510959655e-05 -1.1658652510959655e-05 
1649076999.8574536 1.8629827369804843 -0.06851043403003132 0.4983623342050123 0.013492518679413479 -5.557073764291999 -4.225701577437576 4.052009882987477 5.267618673788093 1.0815099644387374 0.06490152481273981 -1.2380187573799049 -1.1658652510959655e-05 -1.1658652510959655e-05 -1.1658652510959655e-05 -1.1658652510959655e-05 -1.1658652510959655e-05 
1649076999.8732908 3.22457634138118 -0.702298729265749 0.49773369146714685 0.01882434042636305 -6.830564253112243 -7.583096176640538 4.688755127404875 7.409404482197715 1.0638381185781327 0.06441258046106668 -1.238391286409751 -1.1658652510959655e-05 -1.1658652510959655e-05 -1.1658652510959655e-05 -1.1658652510959655e-05 -1.1658652510959655e-05 
1649076999.8847299 3.2452517025449197 -1.372338755732926 0.5008070559633779 0.05824256840423914 -7.75674127072125 -7.00423263025732 5.962245616232394 8.219818103752914 1.0475632565794513 0.06380722078756662 -1.239345892048732 -1.1658652510959655e-05 -1.1658652510959655e-05 -1.1658652510959655e-05 -1.1658652510959655e-05 -1.1658652510959655e-05 
1649076999.9174943 1.2520118448228459 0.08818458918540273 0.5059293301237631 0.1506064847635571 -9.146018438659667 -5.7307421414298005 6.656895841733785 10.130053836990555 1.0251882317243144 0.06376065465883585 -1.243257446862117 -1.1658652510959655e-05 -1.1658652510959655e-05 -1.1658652510959655e-05 -1.1658652510959655e-05 -1.1658652510959655e-05 
1649076999.9907103 1.21440969586547 1.2907315808697604 0.5067209543121862 0.05889449420646997 -10.130077154295577 -5.4991920662650955 6.193795691397099 10.014267157872382 0.9939190762743237 0.06236367079691263 -1.2493576097258483 -1.1658652510959655e-05 -1.1658652510959655e-05 -1.1658652510959655e-05 -1.1658652510959655e-05 -1.1658652510959655e-05 
1649076999.999114 -2.345454431109829 -0.32681275015784195 0.5060690285099554 0.04573956283275038 -10.072195456268673 -5.904387235510512 6.020150597316388 10.245817233037087 0.9926385077342275 0.062386953861278016 -1.249823271013156 -1.1658652510959655e-05 -1.1658652510959655e-05 -1.1658652510959655e-05 -1.1658652510959655e-05 -1.1658652510959655e-05 
1649077000.0319028 0.48367072058317717 -0.18655557039164705 0.5046953277123976 -0.0005006030041840859 -8.972350061521865 -5.093996897019679 5.093973579714657 9.030208442243747 0.994175189982343 0.062386953861278016 -1.25035878149356 -1.1658652510959655e-05 -1.1658652510959655e-05 -1.1658652510959655e-05 -1.1658652510959655e-05 -1.1658652510959655e-05 
1649077000.0484374 -1.2232572945649736 -1.7482671130637755 0.5044624970687437 -0.0006635844547417946 -8.68291828832298 -4.920328519874602 4.341441656186362 7.988268028580933 0.9978306310877088 0.0624102369256434 -1.2502656492360984 -1.1658652510959655e-05 -1.1658652510959655e-05 -1.1658652510959655e-05 -1.1658652510959655e-05 -1.1658652510959655e-05 
1649077000.097309 -0.8348724977986421 -0.46001516142860055 0.5044857801331091 0.015378446893009823 -6.714800857065711 -3.994151502272871 4.16779656210565 6.598990860642516 1.0167830454811337 0.06252665224747034 -1.25096414116706 -1.1658652510959655e-05 -1.1658652510959655e-05 -1.1658652510959655e-05 -1.1658652510959655e-05 -1.1658652510959655e-05 
1649077000.126715 -0.04033792614063714 0.4048808307561558 0.5047186107767629 0.026600883924402297 -6.251700706729025 -3.183737880717672 3.878364788914041 6.0780322953432915 1.0322197171626613 0.06271291676239343 -1.251383236325637 -1.1658652510959655e-05 -1.1658652510959655e-05 -1.1658652510959655e-05 -1.1658652510959655e-05 -1.1658652510959655e-05 
1649077000.1355765 -0.3471854314848315 -0.11011727006552974 0.504904875291686 0.02941813471261412 -3.76260142710089 -2.1417974670548574 2.4312059229487204 3.473146336604259 1.0404619219480082 0.0627827659554896 -1.251685916162387 -1.1658652510959655e-05 -1.1658652510959655e-05 -1.1658652510959655e-05 -1.1658652510959655e-05 -1.1658652510959655e-05 
1649077000.1505353 -6.473960839211941 -0.11763769985554973 0.5045323462618398 0.03705497982446104 -1.0419520723080495 -1.0419520723080495 1.5050289053397137 0.4630884916841751 1.0576448234569398 0.06301559659914346 -1.2523378419646178 -1.1658652510959655e-05 -1.1658652510959655e-05 -1.1658652510959655e-05 -1.1658652510959655e-05 -1.1658652510959655e-05 
1649077000.162595 -3.7871417769492837 -0.9854906412074342 0.5053938196433592 0.0448082402581349 -0.4052068278979277 -0.6367569030626328 0.6367335857576109 -1.5050522226447356 1.0754796507608262 0.06320186111406656 -1.2531527492174064 -1.1658652510959655e-05 -1.1658652510959655e-05 -1.1658652510959655e-05 -1.1658652510959655e-05 -1.1658652510959655e-05 
1649077000.1825624 -4.978769011446275 -0.41358873106946703 0.5066045389903593 0.057334528893989045 0.6946152837845148 0.520970189711079 -1.1658652510959655e-05 -2.894306107518787 1.0849092918360839 0.0634812578864512 -1.253734825826541 -1.1658652510959655e-05 -1.1658652510959655e-05 -1.1658652510959655e-05 -1.1658652510959655e-05 -1.1658652510959655e-05 
1649077000.2029796 -1.7090584326651879 0.23933824308187468 0.5073728801144171 0.06352782401518198 2.604851017022156 1.5050289053397137 -1.0998570533993188 -2.894306107518787 1.1043739336455474 0.06394691917375894 -1.2550619604953681 -1.1658652510959655e-05 -1.1658652510959655e-05 -1.1658652510959655e-05 -1.1658652510959655e-05 -1.1658652510959655e-05 
1649077000.2205276 -1.0868883865477983 -1.0424875827884534 0.5060690285099554 0.03763705643359572 4.978186900596484 2.7206376961403294 -2.1996791650817613 -5.151878595046583 1.1236290278829983 0.0640167683668551 -1.2560864153274451 -1.1658652510959655e-05 -1.1658652510959655e-05 -1.1658652510959655e-05 -1.1658652510959655e-05 -1.1658652510959655e-05 
1649077000.244491 0.02390004845801741 1.1536176147928927 0.50604574544559 0.007927866296085995 6.0780322953432915 5.3833820698419 -3.646838031054358 -8.972350061521865 1.1504744011035655 0.065274053842586 -1.256319245971099 -1.1658652510959655e-05 -1.1658652510959655e-05 -1.1658652510959655e-05 -1.1658652510959655e-05 -1.1658652510959655e-05 
1649077000.277183 -0.44599875667336164 -0.5638110623913235 0.5059060470593977 0.02986051293555647 7.756717953416228 5.3255003718149965 -4.7466601427368005 -9.03023175954877 1.1755735444967286 0.06557673367933603 -1.2566917750009452 -1.1658652510959655e-05 -1.1658652510959655e-05 -1.1658652510959655e-05 -1.1658652510959655e-05 -1.1658652510959655e-05 
1649077000.3167357 -0.7985974835100933 3.1425268225357286 0.5062785760892439 0.024924503290094435 10.072172138963651 6.251677389424003 -5.4991920662650955 -10.303722248369013 1.1894269677941338 0.06592597964481683 -1.2572738516100799 -1.1658652510959655e-05 -1.1658652510959655e-05 -1.1658652510959655e-05 -1.1658652510959655e-05 -1.1658652510959655e-05 
1649077000.3426075 -0.7985974835100933 3.1425268225357286 0.5062785760892439 0.024924503290094435 10.072172138963651 6.251677389424003 -5.4991920662650955 -10.303722248369013 1.1894269677941338 0.06592597964481683 -1.2572738516100799 -1.1658652510959655e-05 -1.1658652510959655e-05 -1.1658652510959655e-05 -1.1658652510959655e-05 -1.1658652510959655e-05 
1649077000.3752227 -0.7985974835100933 3.1425268225357286 0.5062785760892439 0.024924503290094435 10.072172138963651 6.251677389424003 -5.4991920662650955 -10.303722248369013 1.1894269677941338 0.06592597964481683 -1.2572738516100799 -1.1658652510959655e-05 -1.1658652510959655e-05 -1.1658652510959655e-05 -1.1658652510959655e-05 -1.1658652510959655e-05 
1649077000.407893 -0.7985974835100933 3.1425268225357286 0.5062785760892439 0.024924503290094435 10.072172138963651 6.251677389424003 -5.4991920662650955 -10.303722248369013 1.1894269677941338 0.06592597964481683 -1.2572738516100799 -1.1658652510959655e-05 -1.1658652510959655e-05 -1.1658652510959655e-05 -1.1658652510959655e-05 -1.1658652510959655e-05 
1649077000.4406226 1.9220751543471124 0.8054426701928605 0.5075591446293402 0.01065198482683627 12.503389720564883 7.698836255389324 -7.351546101475833 -12.329744660724828 1.273921208397951 0.06692715141252847 -1.2627453717359458 -1.1658652510959655e-05 -1.1658652510959655e-05 -1.1658652510959655e-05 -1.1658652510959655e-05 -1.1658652510959655e-05 
1649077000.5386372 -1.2397649872073089 -0.21749876294052228 0.4997593180669355 -0.09305078387842514 8.161913122661645 4.572991731351067 -5.4991920662650955 -8.335604817104468 1.2004398572389618 0.06702028366999002 -1.2607430282005225 -1.1658652510959655e-05 -1.1658652510959655e-05 -1.1658652510959655e-05 -1.1658652510959655e-05 -1.1658652510959655e-05 
1649077000.5945144 6.3035054907086305 0.3313994796044426 0.4962668584121275 -0.09288780242786743 1.3892655092859059 -9.319663532740378 8.856563348163036 -1.7366022978094406 1.1507072317472193 0.06681073609070154 -1.2559467169412528 -1.1658652510959655e-05 -1.1658652510959655e-05 -1.1658652510959655e-05 -1.1658652510959655e-05 -1.1658652510959655e-05 
1649077000.6106122 7.4004172193454 -0.9018578739924124 0.49526568664441584 -0.08047792912111618 0.6946152837845148 -10.130077154295577 9.551190290600061 -0.6946386010895367 1.1409749108352116 0.06676416996197077 -1.2551550927528297 -1.1658652510959655e-05 -1.1658652510959655e-05 -1.1658652510959655e-05 -1.1658652510959655e-05 -1.1658652510959655e-05 
1649077000.6259284 0.9033479558711406 0.1509557307290379 0.49521912051568506 -0.016193388393730856 -2.836424409499159 -3.125856182690768 3.936246486940945 3.18371456341265 1.1212308722533635 0.06676416996197077 -1.254386751628772 -1.1658652510959655e-05 -1.1658652510959655e-05 -1.1658652510959655e-05 -1.1658652510959655e-05 -1.1658652510959655e-05 
1649077000.6574972 4.705449084554857 0.8203438313867082 0.49254156811366556 -0.024924537530750968 -5.2676419910931145 -6.48325078189373 4.515110033324163 5.7886005221516825 1.0933610442007193 0.06676416996197077 -1.253664976633445 -1.1658652510959655e-05 -1.1658652510959655e-05 -1.1658652510959655e-05 -1.1658652510959655e-05 -1.1658652510959655e-05 
1649077000.6859756 4.519277701845567 -0.2595712602560525 0.49540538503060816 0.028323830687440932 -7.293664403448929 -6.309582404755929 5.962245616232394 6.946327614925394 1.0689836758028832 0.06618209335283609 -1.2538745242127334 -1.1658652510959655e-05 -1.1658652510959655e-05 -1.1658652510959655e-05 -1.1658652510959655e-05 -1.1658652510959655e-05 
1649077000.718675 0.5123554558886099 -1.2517790484198486 0.4923087374700117 -0.0037136658866074868 -9.9564087771505 -6.0201739146214095 5.5570504469869775 10.130053836990555 1.0429532098351046 0.06622865948156686 -1.2553180742033874 -1.1658652510959655e-05 -1.1658652510959655e-05 -1.1658652510959655e-05 -1.1658652510959655e-05 -1.1658652510959655e-05 
1649077000.7347944 -0.22744063142454252 -0.8315663026587572 0.4898174495829153 -0.04438917934021447 -10.535272323540994 -6.309582404755929 5.614932145006605 9.609071988626965 1.0391580703435466 0.06622865948156686 -1.2548989790448104 -1.1658652510959655e-05 -1.1658652510959655e-05 -1.1658652510959655e-05 -1.1658652510959655e-05 -1.1658652510959655e-05 
1649077000.7511115 3.196217568976863 -0.8271192373576923 0.4881643520129728 -0.09416837096796371 -9.49333190987818 -6.541132479920634 5.44128705093317 9.319640215435356 1.034012513118796 0.06613552722410532 -1.2532691645392333 -1.1658652510959655e-05 -1.1658652510959655e-05 -1.1658652510959655e-05 -1.1658652510959655e-05 -1.1658652510959655e-05 
1649077000.7674687 -2.6956550023096497 2.730905527525465 0.4844856278359657 -0.10755613297806121 -9.319663532740378 -4.457228369537916 4.399323354213266 8.335581499799446 1.030706317978911 0.06625194254593225 -1.251080556488887 -1.1658652510959655e-05 -1.1658652510959655e-05 -1.1658652510959655e-05 -1.1658652510959655e-05 -1.1658652510959655e-05 
1649077000.7837772 -5.348667055106489 -3.14697392207745 0.48315849316713866 -0.105437374120811 -9.49333190987818 -4.80456512382807 4.688755127404875 8.798681650136132 1.0305666195927188 0.0663450748033938 -1.2500328185924445 -1.1658652510959655e-05 -1.1658652510959655e-05 -1.1658652510959655e-05 -1.1658652510959655e-05 -1.1658652510959655e-05 
1649077000.8090138 0.07482011023239465 3.6132172518555308 0.4813424141466385 -0.10317891687736847 -8.625036590303353 -4.341464973491384 5.672813843033509 6.946327614925394 1.0330346244154498 0.0668805852837977 -1.247890776670829 -1.1658652510959655e-05 -1.1658652510959655e-05 -1.1658652510959655e-05 -1.1658652510959655e-05 -1.1658652510959655e-05 
1649077000.84069 -3.5676756121902145 1.5611410904748482 0.48048094076511916 -0.04881296157691395 -7.23575942235766 -3.8204831251277938 3.704696411768964 6.714777539760689 1.0401592421112582 0.0670668497987208 -1.2460048484572326 -1.1658652510959655e-05 -1.1658652510959655e-05 -1.1658652510959655e-05 -1.1658652510959655e-05 -1.1658652510959655e-05 
1649077000.8568366 -0.18054853978537722 -0.9863753976605949 0.4786415786802536 -0.03519236891588662 -7.293664403448929 -3.415287955882377 4.515110033324163 6.193795691397099 1.0508927347909776 0.06727639737800928 -1.2452597903975402 -1.1658652510959655e-05 -1.1658652510959655e-05 -1.1658652510959655e-05 -1.1658652510959655e-05 -1.1658652510959655e-05 
1649077000.8882647 -0.7271883250796236 -0.1969863832273404 0.4800851286709076 -0.0034109860498574562 -3.531051351936185 -2.0839157690352295 3.125832865385746 2.894282790213765 1.0690535249959794 0.06811458769516321 -1.2445147323378478 -1.1658652510959655e-05 -1.1658652510959655e-05 -1.1658652510959655e-05 -1.1658652510959655e-05 -1.1658652510959655e-05 
1649077000.904344 -3.2666255898730014 -0.6518908949074103 0.4815053955971962 0.05216568860487314 -2.778542711472255 -0.9840703742811456 2.4890876209756243 2.4312059229487204 1.08528182086593 0.06851039978937479 -1.2453296395906364 -1.1658652510959655e-05 -1.1658652510959655e-05 -1.1658652510959655e-05 -1.1658652510959655e-05 -1.1658652510959655e-05 
1649077000.9198472 -2.2779801105643855 0.6562913598318119 0.4816683770477539 0.0765197739310679 -1.1577387514262227 0.7524969818114187 0.17365671849256614 0.810401962902688 1.093943120809854 0.06865009817556711 -1.2460979807146941 -1.1658652510959655e-05 -1.1658652510959655e-05 -1.1658652510959655e-05 -1.1658652510959655e-05 -1.1658652510959655e-05 
1649077000.9363093 -5.335232726960385 -0.9832554670283571 0.4848581568658119 0.10885995034186635 1.1577154341212008 0.520970189711079 0.11575173740129685 -2.0260340710083256 1.1111260223187855 0.06892949494795175 -1.2481236073144828 -1.1658652510959655e-05 -1.1658652510959655e-05 -1.1658652510959655e-05 -1.1658652510959655e-05 -1.1658652510959655e-05 
1649077000.9638653 -2.3212866102912812 -0.22117748711025342 0.48718646330962656 0.12278322283964371 3.588933015722432 2.6627559981134254 -1.8523656938632485 -3.415287955882377 1.1386698874630383 0.06934859010652872 -1.2518488976129447 -1.1658652510959655e-05 -1.1658652510959655e-05 -1.1658652510959655e-05 -1.1658652510959655e-05 -1.1658652510959655e-05 
1649077000.988232 -1.2706150474987226 -0.008812656982627232 0.487093331052165 0.08869681660144124 4.862423504542676 3.2995012425235473 -2.836424409499159 -4.573015048656089 1.156830677675316 0.06927874091343256 -1.253734825826541 -1.1658652510959655e-05 -1.1658652510959655e-05 -1.1658652510959655e-05 -1.1658652510959655e-05 -1.1658652510959655e-05 
1649077001.004116 -0.25302871916937875 -0.01998852788528893 0.4895846189392614 0.07395863685087534 7.293641086143907 5.093973579714657 -3.878388106219063 -6.599014177947538 1.17506131708069 0.0693718731708941 -1.2553180742033874 -1.1658652510959655e-05 -1.1658652510959655e-05 -1.1658652510959655e-05 -1.1658652510959655e-05 -1.1658652510959655e-05 
1649077001.03814 1.493853034444328 -0.7318915040814318 0.4922621713412809 0.10869696889130864 7.930386330554029 5.7886005221516825 -5.036091915928409 -7.988291345885955 1.2006028386895196 0.0695581376858172 -1.2583215895065223 -1.1658652510959655e-05 -1.1658652510959655e-05 -1.1658652510959655e-05 -1.1658652510959655e-05 -1.1658652510959655e-05 
1649077001.0524938 -4.465377442073077 -1.1287746193484054 0.49324006004462717 0.10848742131202016 10.18793553501746 6.0780322953432915 -4.862446821847698 -11.519331039169629 1.214898640217143 0.07002379897312494 -1.2604170652994071 -1.1658652510959655e-05 -1.1658652510959655e-05 -1.1658652510959655e-05 -1.1658652510959655e-05 -1.1658652510959655e-05 
1649077001.0693433 0.013748632387432735 0.871543289940746 0.4941248164905119 0.10695073906390462 9.551190290600061 6.0780322953432915 -4.862446821847698 -9.898527079123596 1.221394615175086 0.07021006348804804 -1.261488086260215 -1.1658652510959655e-05 -1.1658652510959655e-05 -1.1658652510959655e-05 -1.1658652510959655e-05 -1.1658652510959655e-05 
1649077001.0781498 -1.531431934577995 0.5901441739551956 0.49417138261924265 0.0798492521425942 10.18793553501746 6.483227464588708 -5.962268933537416 -10.361627229460282 1.232407504619914 0.0702799126811442 -1.2631877499588882 -1.1658652510959655e-05 -1.1658652510959655e-05 -1.1658652510959655e-05 -1.1658652510959655e-05 -1.1658652510959655e-05 
1649077001.0998197 -0.2032728106059949 -0.6481656046089483 0.4958244801891851 0.06704356673435541 10.419485610182164 6.425345766561804 -6.0201739146214095 -10.303722248369013 1.2413482013434987 0.07032647880987497 -1.264677866078273 -1.1658652510959655e-05 -1.1658652510959655e-05 -1.1658652510959655e-05 -1.1658652510959655e-05 -1.1658652510959655e-05 
1649077001.1339269 3.9172475064115133 1.0579242202293244 0.4930072294009733 0.009976775960240047 10.245817233037087 5.7886005221516825 -6.135937310675217 -10.766822398705699 1.2511969375700573 0.07039632800297113 -1.26570232091035 -1.1658652510959655e-05 -1.1658652510959655e-05 -1.1658652510959655e-05 -1.1658652510959655e-05 -1.1658652510959655e-05 
1649077001.1762085 0.08904606256692205 -0.02122253029665444 0.49181979311833857 -0.006437784417357761 9.145995121354645 4.515110033324163 -4.9782102179015055 -8.335604817104468 1.2493342924208264 0.07041961106733652 -1.2641190725335036 -1.1658652510959655e-05 -1.1658652510959655e-05 -1.1658652510959655e-05 -1.1658652510959655e-05 -1.1658652510959655e-05 
1649077001.2088976 2.9189162723196205 -0.5662557841496891 0.4944042132628965 0.0761705279655871 7.698836255389324 4.978186900596484 -3.994151502272871 -6.946350932230416 1.2396718207091908 0.07004708203749033 -1.2659118684896384 -1.1658652510959655e-05 -1.1658652510959655e-05 -1.1658652510959655e-05 -1.1658652510959655e-05 -1.1658652510959655e-05 
1649077001.2652557 5.748670066757768 -1.202698348723061 0.4971283317936468 0.07293418201879831 4.225678260132554 2.6627559981134254 -2.894306107518787 -3.994151502272871 1.2085423636453925 0.06976768526510568 -1.2695207434735494 -1.1658652510959655e-05 -1.1658652510959655e-05 -1.1658652510959655e-05 -1.1658652510959655e-05 -1.1658652510959655e-05 
1649077001.3308928 2.117257082973083 -0.5761976526337094 0.4983856172693777 0.07461056265310617 1.0419287550030276 -1.1577387514262227 0.8682836609295919 -1.0998570533993188 1.1829542759005562 0.0697444022007403 -1.2718723329744535 -1.1658652510959655e-05 -1.1658652510959655e-05 -1.1658652510959655e-05 -1.1658652510959655e-05 -1.1658652510959655e-05 
1649077001.3625762 2.117257082973083 -0.5761976526337094 0.4983856172693777 0.07461056265310617 1.0419287550030276 -1.1577387514262227 0.8682836609295919 -1.0998570533993188 1.1829542759005562 0.0697444022007403 -1.2718723329744535 -1.1658652510959655e-05 -1.1658652510959655e-05 -1.1658652510959655e-05 -1.1658652510959655e-05 -1.1658652510959655e-05 
1649077001.3955617 2.117257082973083 -0.5761976526337094 0.4983856172693777 0.07461056265310617 1.0419287550030276 -1.1577387514262227 0.8682836609295919 -1.0998570533993188 1.1829542759005562 0.0697444022007403 -1.2718723329744535 -1.1658652510959655e-05 -1.1658652510959655e-05 -1.1658652510959655e-05 -1.1658652510959655e-05 -1.1658652510959655e-05 
1649077001.4791164 1.6658450309478212 -0.010908132775512058 0.4895846189392614 -0.012700928731646854 -7.640977874667442 -5.325523689120018 7.409404482197715 7.177854407025734 1.053803117836651 0.07132765057758661 -1.2709177273354726 -1.1658652510959655e-05 -1.1658652510959655e-05 -1.1658652510959655e-05 -1.1658652510959655e-05 -1.1658652510959655e-05 
1649077001.4953241 -0.18264401557826204 1.2764357793494128 0.4886765794290113 -0.007811485214915592 -8.451368213158275 -4.9782102179015055 5.209736975761189 7.467286180224619 1.049472467864689 0.07149063202814432 -1.270824595078011 -1.1658652510959655e-05 -1.1658652510959655e-05 -1.1658652510959655e-05 -1.1658652510959655e-05 -1.1658652510959655e-05 
1649077001.5035396 1.5673111025316757 -1.59208431726438 0.4901899786127615 -0.006856879575934727 -7.872527949839423 -5.4991920662650955 3.878364788914041 8.682894971017959 1.0433490219293162 0.07102497074083658 -1.2707780289492803 -1.1658652510959655e-05 -1.1658652510959655e-05 -1.1658652510959655e-05 -1.1658652510959655e-05 -1.1658652510959655e-05 
1649077001.5266795 0.21512385613459628 -0.07076889127347386 0.48895597620139597 -0.008719524725165684 -7.930409647859051 -4.630896746682993 4.572991731351067 8.10403142463474 1.0416260751662776 0.07093183848337503 -1.270708179756184 -1.1658652510959655e-05 -1.1658652510959655e-05 -1.1658652510959655e-05 -1.1658652510959655e-05 -1.1658652510959655e-05 
1649077001.5399046 -1.7271493736770935 1.7092679460038198 0.4887464286221075 0.008626358227047604 -7.062114328284224 -3.588956333027454 3.936246486940945 7.351522784170811 1.0392744856653735 0.07104825380520197 -1.2708478781423764 -1.1658652510959655e-05 -1.1658652510959655e-05 -1.1658652510959655e-05 -1.1658652510959655e-05 -1.1658652510959655e-05 
1649077001.5523303 -0.9669573219725862 -1.0204850869631628 0.4888861270082998 0.006461033241066616 -6.193819008702121 -4.341464973491384 3.762578109795868 6.483227464588708 1.0411836969433352 0.07090855541900964 -1.2709642934642034 -1.1658652510959655e-05 -1.1658652510959655e-05 -1.1658652510959655e-05 -1.1658652510959655e-05 -1.1658652510959655e-05 
1649077001.573111 -0.6652088077244116 0.3842287526567816 0.4881876350773382 0.008672924355778378 -5.846505537483608 -3.936269804245967 4.109891581014381 5.7886005221516825 1.043512003379874 0.07090855541900964 -1.271057425721665 -1.1658652510959655e-05 -1.1658652510959655e-05 -1.1658652510959655e-05 -1.1658652510959655e-05 -1.1658652510959655e-05 
1649077001.6066446 0.26809282758040354 -0.5348934964422369 0.4896079020036268 0.03610037418548018 -4.80456512382807 -2.4891109382806462 3.357382940550451 4.92030520256958 1.0579475032936898 0.07130436751322122 -1.271965465231915 -1.1658652510959655e-05 -1.1658652510959655e-05 -1.1658652510959655e-05 -1.1658652510959655e-05 -1.1658652510959655e-05 
1649077001.6232934 -0.4476518542433041 0.3764754922231077 0.49044609232078074 0.058941060335200746 -4.515133350629185 -1.9681290899170563 3.415264638577355 4.572991731351067 1.0643503459941712 0.07142078283504816 -1.2725475418410497 -1.1658652510959655e-05 -1.1658652510959655e-05 -1.1658652510959655e-05 -1.1658652510959655e-05 -1.1658652510959655e-05 
1649077001.6338038 -0.1470907762850402 0.24366889305383665 0.49384541971812723 0.10855727050511632 -2.257560863108665 -1.0998570533993188 2.894282790213765 1.4471472073128098 1.079135091866192 0.07186316105799051 -1.2744800361833768 -1.1658652510959655e-05 -1.1658652510959655e-05 -1.1658652510959655e-05 -1.1658652510959655e-05 -1.1658652510959655e-05 
1649077001.7156641 -0.5489331842618412 0.039103889488615096 0.49882799549232004 0.06583284738735529 2.894282790213765 2.1996558477767394 -1.6786973167254473 -3.473169653909281 1.1365045624770573 0.07328342798427911 -1.2849806982121663 -1.1658652510959655e-05 -1.1658652510959655e-05 -1.1658652510959655e-05 -1.1658652510959655e-05 -1.1658652510959655e-05 
1649077001.7392042 -0.7452094169057091 -0.7237424315535463 0.500271545482974 0.040035212063230574 4.16779656210565 2.4312059229487204 -2.1996791650817613 -3.994151502272871 1.1526397260895465 0.07326014491991373 -1.2858421715936856 -1.1658652510959655e-05 -1.1658652510959655e-05 -1.1658652510959655e-05 -1.1658652510959655e-05 -1.1658652510959655e-05 
1649077001.7555027 0.31142261037166463 -0.3450433895632159 0.5018780769241857 0.061409065157931764 6.135913993370195 4.109891581014381 -3.415287955882377 -5.904387235510512 1.1717551219335292 0.0733067110486445 -1.2869597586832242 -1.1658652510959655e-05 -1.1658652510959655e-05 -1.1658652510959655e-05 -1.1658652510959655e-05 -1.1658652510959655e-05 
1649077001.7707613 -2.4287612354310113 -0.016891880324692465 0.501831510795455 0.0700936481662211 6.483227464588708 4.804541806523048 -3.704719729073986 -6.425369083866826 1.180649252528383 0.07339984330610605 -1.2876815336785512 -1.1658652510959655e-05 -1.1658652510959655e-05 -1.1658652510959655e-05 -1.1658652510959655e-05 -1.1658652510959655e-05 
1649077001.786843 -2.418283856459311 -0.6243935958846123 0.5026697011126089 0.08010536585061345 7.698836255389324 4.341441656186362 -4.457228369537916 -8.277723119077564 1.1971569451634423 0.07344640943483682 -1.2892647820553975 -1.1658652510959655e-05 -1.1658652510959655e-05 -1.1658652510959655e-05 -1.1658652510959655e-05 -1.1658652510959655e-05 
1649077001.8183212 0.9846291335852584 -0.1925393179335515 0.5044857801331091 0.08217755857913289 8.798681650136132 4.862423504542676 -5.325523689120018 -9.088113457568397 1.2191361579316435 0.07381893846468301 -1.2918492021999555 -1.1658652510959655e-05 -1.1658652510959655e-05 -1.1658652510959655e-05 -1.1658652510959655e-05 -1.1658652510959655e-05 
1649077001.8301685 -0.8250936107579037 1.5220953915268183 0.503996835781436 0.05714826437906595 9.493308592573158 6.135913993370195 -5.614955462311627 -9.146018438659667 1.229636819960433 0.07400520297960611 -1.2931530538044171 -1.1658652510959655e-05 -1.1658652510959655e-05 -1.1658652510959655e-05 -1.1658652510959655e-05 -1.1658652510959655e-05 
1649077001.8463404 0.41063174765440635 -0.21076995733892545 0.5040201188458013 0.033585803234018385 8.856563348163036 5.614932145006605 -5.672837160338531 -8.740799986349884 1.2338044884818373 0.07398191991524072 -1.2934790167055326 -1.1658652510959655e-05 -1.1658652510959655e-05 -1.1658652510959655e-05 -1.1658652510959655e-05 -1.1658652510959655e-05 
1649077001.885777 -0.0857864677964244 -0.9357580157156917 0.5037407220734167 0.024551974260248244 8.62501327299833 4.457205052232894 -5.557073764291999 -8.219841421057936 1.2436765077800374 0.07386550459341379 -1.2945034715376096 -1.1658652510959655e-05 -1.1658652510959655e-05 -1.1658652510959655e-05 -1.1658652510959655e-05 -1.1658652510959655e-05 
1649077001.9031885 2.52517637074925 -1.3875425967635238 0.5041365341676283 0.02343438717070967 7.64095455736242 4.283559958159458 -4.920328519874602 -8.046173043912859 1.2440024706811528 0.07379565540031763 -1.2947363021812635 -1.1658652510959655e-05 -1.1658652510959655e-05 -1.1658652510959655e-05 -1.1658652510959655e-05 -1.1658652510959655e-05 
1649077001.9193048 0.7222057150647743 2.1184212361913524 0.5007604898346472 -0.02131566255411599 7.698836255389324 5.0360685986233875 -3.994151502272871 -8.046173043912859 1.2431409972996335 0.07400520297960611 -1.2945500376663404 -1.1658652510959655e-05 -1.1658652510959655e-05 -1.1658652510959655e-05 -1.1658652510959655e-05 -1.1658652510959655e-05 
1649077001.9608836 3.066367918981996 -1.0443967940664152 0.5041132511032629 0.06513435545639368 5.672813843033509 3.18371456341265 -3.183737880717672 -6.309582404755929 1.223070995809394 0.07414490136579843 -1.2957141908846097 -1.1658652510959655e-05 -1.1658652510959655e-05 -1.1658652510959655e-05 -1.1658652510959655e-05 -1.1658652510959655e-05 
1649077001.9772453 0.3203865901523386 0.3668363035758375 0.5038105712665129 0.03500607016030699 3.704696411768964 3.531028034631163 -2.6627793154184474 -4.862446821847698 1.2101256120222388 0.07451743039564462 -1.2966455134592252 -1.1658652510959655e-05 -1.1658652510959655e-05 -1.1658652510959655e-05 -1.1658652510959655e-05 -1.1658652510959655e-05 
1649077002.015648 4.139391223572602 -0.6261165426476509 0.502739550305705 0.008207263068470638 1.3892655092859059 0.289420114539098 0.3473018125660019 -2.3154658441999345 1.1885654944126145 0.07488995942549082 -1.2972508731327252 -1.1658652510959655e-05 -1.1658652510959655e-05 -1.1658652510959655e-05 -1.1658652510959655e-05 -1.1658652510959655e-05 
1649077002.042567 4.417204747645883 -0.2589891836469178 0.4987115801704931 -0.05307376235577976 -1.4471705246178317 -1.2735021474800305 1.5050289053397137 0.7524969818114187 1.1628609913459513 0.07530905458406778 -1.2963661166868405 -1.1658652510959655e-05 -1.1658652510959655e-05 -1.1658652510959655e-05 -1.1658652510959655e-05 -1.1658652510959655e-05 
1649077002.1328652 0.35272676656313706 -0.04192117451748345 0.4894682036174345 -0.07968630493269302 -7.467309497529641 -5.209760293066211 5.672813843033509 6.656895841733785 1.0905903595412383 0.0757979989357409 -1.2904056522093015 -1.1658652510959655e-05 -1.1658652510959655e-05 -1.1658652510959655e-05 -1.1658652510959655e-05 -1.1658652510959655e-05 
1649077002.1970131 2.2621708756123553 0.9935698303088429 0.4827161149441963 -0.09237557501182891 -11.114135869924212 -8.161936439966667 7.467286180224619 9.724858667745139 1.0380870493827388 0.07537890377716394 -1.2850738304696279 -1.1658652510959655e-05 -1.1658652510959655e-05 -1.1658652510959655e-05 -1.1658652510959655e-05 -1.1658652510959655e-05 
1649077002.222522 0.07819615456537576 1.785031037463341 0.4784785972296959 -0.114284938586934 -11.172017567951116 -7.177877724330756 5.672813843033509 10.940444175481389 1.0278890671906993 0.07521592232660623 -1.2821634474239545 -1.1658652510959655e-05 -1.1658652510959655e-05 -1.1658652510959655e-05 -1.1658652510959655e-05 -1.1658652510959655e-05 
1649077002.2618392 3.7534045824359055 -0.5046022296955925 0.4758010448276764 -0.083295179909328 -9.435450211851276 -5.2676419910931145 5.209736975761189 8.972326744216844 1.0239542293129489 0.0752857715197024 -1.2783217418036656 -1.1658652510959655e-05 -1.1658652510959655e-05 -1.1658652510959655e-05 -1.1658652510959655e-05 -1.1658652510959655e-05 
1649077002.3109818 -3.0779862023409805 -1.2642354878553306 0.4730769262969261 -0.06669435500953114 -8.798704967441154 -5.093996897019679 4.457205052232894 7.988268028580933 1.024140493827872 0.07535562071279855 -1.2768316256842809 -1.1658652510959655e-05 -1.1658652510959655e-05 -1.1658652510959655e-05 -1.1658652510959655e-05 -1.1658652510959655e-05 
1649077002.3438811 -3.0779862023409805 -1.2642354878553306 0.4730769262969261 -0.06669435500953114 -8.798704967441154 -5.093996897019679 4.457205052232894 7.988268028580933 1.024140493827872 0.07535562071279855 -1.2768316256842809 -1.1658652510959655e-05 -1.1658652510959655e-05 -1.1658652510959655e-05 -1.1658652510959655e-05 -1.1658652510959655e-05 
1649077002.353156 -3.0779862023409805 -1.2642354878553306 0.4730769262969261 -0.06669435500953114 -8.798704967441154 -5.093996897019679 4.457205052232894 7.988268028580933 1.024140493827872 0.07535562071279855 -1.2768316256842809 -1.1658652510959655e-05 -1.1658652510959655e-05 -1.1658652510959655e-05 -1.1658652510959655e-05 -1.1658652510959655e-05 
1649077002.3738298 -3.0779862023409805 -1.2642354878553306 0.4730769262969261 -0.06669435500953114 -8.798704967441154 -5.093996897019679 4.457205052232894 7.988268028580933 1.024140493827872 0.07535562071279855 -1.2768316256842809 -1.1658652510959655e-05 -1.1658652510959655e-05 -1.1658652510959655e-05 -1.1658652510959655e-05 -1.1658652510959655e-05 
1649077002.4024987 -3.0779862023409805 -1.2642354878553306 0.4730769262969261 -0.06669435500953114 -8.798704967441154 -5.093996897019679 4.457205052232894 7.988268028580933 1.024140493827872 0.07535562071279855 -1.2768316256842809 -1.1658652510959655e-05 -1.1658652510959655e-05 -1.1658652510959655e-05 -1.1658652510959655e-05 -1.1658652510959655e-05 
1649077002.426402 -1.8898048613700666 0.9940354915961507 0.4762667061149841 0.07041961106733652 -3.994151502272871 -1.0419520723080495 3.2995012425235473 4.515110033324163 1.0159215720996144 0.07661290618852945 -1.278647704704781 -1.1658652510959655e-05 -1.1658652510959655e-05 -1.1658652510959655e-05 -1.1658652510959655e-05 -1.1658652510959655e-05 
1649077002.4352427 0.0010360792439314537 -0.16839478017936926 0.480411091572023 0.12774251554947114 -3.299524559828569 -1.4471705246178317 3.125832865385746 3.704696411768964 1.0393210517941043 0.0768923029609141 -1.2809527280769544 -1.1658652510959655e-05 -1.1658652510959655e-05 -1.1658652510959655e-05 -1.1658652510959655e-05 -1.1658652510959655e-05 
1649077002.4511814 -0.46932838717475533 -0.03724127858004067 0.481854641562677 0.142178015463287 0.4051835105929058 1.2155971321481047 0.520970189711079 -0.057893356679414865 1.0504037904393044 0.07703200134710642 -1.2823962780676084 -1.1658652510959655e-05 -1.1658652510959655e-05 -1.1658652510959655e-05 -1.1658652510959655e-05 -1.1658652510959655e-05 
1649077002.475281 -8.566875495504064 -1.4238176110520726 0.4858826117051649 0.21021112955349963 3.704696411768964 0.810401962902688 0.7524969818114187 -7.814622968748154 1.070473791922268 0.0779633239217219 -1.286098285301705 -1.1658652510959655e-05 -1.1658652510959655e-05 -1.1658652510959655e-05 -1.1658652510959655e-05 -1.1658652510959655e-05 
1649077002.4914496 -0.1481385141814826 -0.2064160243025981 0.5015055478943395 0.3756373019059538 3.357382940550451 3.125832865385746 0.8682836609295919 -12.21398126467102 1.0883551853621611 0.08022178117244039 -1.2927106755814748 -1.1658652510959655e-05 -1.1658652510959655e-05 -1.1658652510959655e-05 -1.1658652510959655e-05 -1.1658652510959655e-05 
1649077002.5330114 -2.458656690083444 -0.427186040666129 0.5106325091255712 0.27749918558401987 6.598990860642516 4.978186900596484 -3.067974484663864 -8.393486515131372 1.130101719776576 0.08171189729182515 -1.3125711294924258 -1.1658652510959655e-05 -1.1658652510959655e-05 -1.1658652510959655e-05 -1.1658652510959655e-05 -1.1658652510959655e-05 
1649077002.5764012 0.3277207554274355 1.689174661449215 0.5097477526796865 0.11372611080150818 8.856563348163036 6.020150597316388 -4.573015048656089 -8.509273194249545 1.148821303533623 0.08241038922278676 -1.3170414778505801 -1.1658652510959655e-05 -1.1658652510959655e-05 -1.1658652510959655e-05 -1.1658652510959655e-05 -1.1658652510959655e-05 
1649077002.5986755 -0.18997818085335894 1.5671714041454834 0.5104462446106481 0.033585803234018385 7.988268028580933 5.730718824124779 -4.225701577437576 -9.146018438659667 1.1598574760428164 0.08285276744572911 -1.3188808399354457 -1.1658652510959655e-05 -1.1658652510959655e-05 -1.1658652510959655e-05 -1.1658652510959655e-05 -1.1658652510959655e-05 
1649077002.6161654 4.622887338300643 -3.597547783778282 0.5100504325164366 0.025622995221056044 7.583072859335516 4.16779656210565 -4.167819879410672 -8.219841421057936 1.1619762349000666 0.08310888115374837 -1.3194629165445804 -1.1658652510959655e-05 -1.1658652510959655e-05 -1.1658652510959655e-05 -1.1658652510959655e-05 -1.1658652510959655e-05 
1649077002.6383429 2.0952545871405164 -2.8599403045082 0.5099805833233404 0.010838249341759365 7.119972709006106 4.225678260132554 -4.109914898319403 -6.830564253112243 1.1613243090978358 0.08320201341120992 -1.3196724641238688 -1.1658652510959655e-05 -1.1658652510959655e-05 -1.1658652510959655e-05 -1.1658652510959655e-05 -1.1658652510959655e-05 
1649077002.6473796 4.379905278525257 -3.3534481369133573 0.5093752236498403 -0.004179327173915226 6.888422633834125 3.820459807822772 -4.688778444709897 -6.135937310675217 1.1595547962060664 0.0830623150250176 -1.319625897995138 -1.1658652510959655e-05 -1.1658652510959655e-05 -1.1658652510959655e-05 -1.1658652510959655e-05 -1.1658652510959655e-05 
1649077002.6639004 0.16448319112532772 -1.4663557696621865 0.5078851075304556 -0.008835940046992619 6.251677389424003 3.588933015722432 -3.588956333027454 -7.23575942235766 1.152732858347008 0.08315544728247914 -1.3194163504158496 -1.1658652510959655e-05 -1.1658652510959655e-05 -1.1658652510959655e-05 -1.1658652510959655e-05 -1.1658652510959655e-05 
1649077002.6851075 3.770098539585888 -0.74707206205494 0.5073961631787824 -0.02406306414923165 4.804541806523048 3.067951167358842 -3.125856182690768 -5.557073764291999 1.1481228116026614 0.08324857953994069 -1.3191835197721957 -1.1658652510959655e-05 -1.1658652510959655e-05 -1.1658652510959655e-05 -1.1658652510959655e-05 -1.1658652510959655e-05 
1649077002.7008436 2.1374434997778735 -0.38360014415957266 0.503275060786109 -0.062293855844473 5.5570504469869775 2.5469693189952523 -3.588956333027454 -6.078055612648313 1.137389318922942 0.08313216421811376 -1.317996083489561 -1.1658652510959655e-05 -1.1658652510959655e-05 -1.1658652510959655e-05 -1.1658652510959655e-05 -1.1658652510959655e-05 
1649077002.712859 0.3231339917474543 -0.9273062633510563 0.5008769051564741 -0.09610086531029083 2.5469693189952523 2.7206376961403294 -3.183737880717672 -3.067974484663864 1.1226977053083829 0.08315544728247914 -1.316249853662157 -1.1658652510959655e-05 -1.1658652510959655e-05 -1.1658652510959655e-05 -1.1658652510959655e-05 -1.1658652510959655e-05 
1649077002.7336257 3.2481155194618623 -0.23368049267446622 0.49917724145780085 -0.11796366275666514 1.3313605282019125 1.0419287550030276 -1.6208156186985434 -2.0839157690352295 1.1148513126172475 0.08317873034684453 -1.3150624173795222 -1.1658652510959655e-05 -1.1658652510959655e-05 -1.1658652510959655e-05 -1.1658652510959655e-05 -1.1658652510959655e-05 
1649077002.7694845 4.017760495298717 -0.6744521842847462 0.4939152689112234 -0.1280219465625123 -0.9840703742811456 -2.1996791650817613 0.4051835105929058 0.520970189711079 1.082324871691526 0.08292261663882528 -1.3095443311249255 -1.1658652510959655e-05 -1.1658652510959655e-05 -1.1658652510959655e-05 -1.1658652510959655e-05 -1.1658652510959655e-05 
1649077002.802625 2.3729051297632395 -0.027625372997135855 0.4917732269896078 -0.04199102371057961 -3.357406257855473 -3.357406257855473 2.1417741497498355 3.704696411768964 1.0544550436388818 0.0826897859951714 -1.307588553718233 -1.1658652510959655e-05 -1.1658652510959655e-05 -1.1658652510959655e-05 -1.1658652510959655e-05 -1.1658652510959655e-05 
1649077002.817192 1.7125508580793394 0.3704218954881071 0.49454391164908884 0.012374931589874905 -4.688778444709897 -5.4991920662650955 3.357382940550451 4.862423504542676 1.0356190445600078 0.0821542755147675 -1.3075419875895022 -1.1658652510959655e-05 -1.1658652510959655e-05 -1.1658652510959655e-05 -1.1658652510959655e-05 -1.1658652510959655e-05 
1649077002.8318708 2.2798892876016907 0.6845337169143022 0.49559164954553125 0.026554317795671523 -6.0201739146214095 -6.078055612648313 3.994128184967849 6.425345766561804 1.026608498650603 0.08189816180674825 -1.3077981012975215 -1.1658652510959655e-05 -1.1658652510959655e-05 -1.1658652510959655e-05 -1.1658652510959655e-05 -1.1658652510959655e-05 
1649077002.8435247 2.9087648562563118 -3.1379633761607693 0.49473017616401194 0.055495166809123475 -6.714800857065711 -6.425369083866826 6.309559087450907 6.830540935807221 1.00933246488421 0.08157219890563283 -1.3088924053226947 -1.1658652510959655e-05 -1.1658652510959655e-05 -1.1658652510959655e-05 -1.1658652510959655e-05 -1.1658652510959655e-05 
1649077002.86668 2.9311398811187246 1.3951561245776247 0.4944274963272619 0.03544844838324934 -8.451368213158275 -6.425369083866826 5.3833820698419 8.219818103752914 0.9934068488582852 0.08154891584126744 -1.3096840295111178 -1.1658652510959655e-05 -1.1658652510959655e-05 -1.1658652510959655e-05 -1.1658652510959655e-05 -1.1658652510959655e-05 
1649077002.9090993 0.7656984793065931 0.26876803644699976 0.49789667291770456 0.08331842873303685 -10.130077154295577 -6.541132479920634 6.598990860642516 10.824680779427581 0.9590643289120635 0.08075729165284429 -1.3127108278786181 -1.1658652510959655e-05 -1.1658652510959655e-05 -1.1658652510959655e-05 -1.1658652510959655e-05 -1.1658652510959655e-05 
1649077002.9487607 1.6136909667620785 -2.6846188298004563 0.5011563019288587 0.10045476410596166 -9.840645381096692 -7.409427799502737 6.0780322953432915 10.419485610182164 0.9487964975196519 0.08017521504370961 -1.315644493988657 -1.1658652510959655e-05 -1.1658652510959655e-05 -1.1658652510959655e-05 -1.1658652510959655e-05 -1.1658652510959655e-05 
1649077002.9820418 3.3451360486942576 -0.9143608795566252 0.5027162672413397 0.12040835027437424 -8.972350061521865 -5.7307421414298005 6.425345766561804 9.782740365772042 0.946095662053267 0.08026834730117116 -1.319020538321638 -1.1658652510959655e-05 -1.1658652510959655e-05 -1.1658652510959655e-05 -1.1658652510959655e-05 -1.1658652510959655e-05 
1649077003.0130572 -1.6092439357016701 -0.5354057238582755 0.5073728801144171 0.15242256378405727 -8.451368213158275 -4.688778444709897 5.093973579714657 9.782740365772042 0.951450766857306 0.08017521504370961 -1.3231416407143115 -1.1658652510959655e-05 -1.1658652510959655e-05 -1.1658652510959655e-05 -1.1658652510959655e-05 -1.1658652510959655e-05 
1649077003.0462675 -1.276296115203877 -0.8549657823459711 0.5097943188084173 0.11910449866991257 -7.00423263025732 -3.588956333027454 4.399323354213266 6.946327614925394 0.9706825780303916 0.07975611988513265 -1.3286131608401774 -1.1658652510959655e-05 -1.1658652510959655e-05 -1.1658652510959655e-05 -1.1658652510959655e-05 -1.1658652510959655e-05 
1649077003.1611543 -0.6681890399631811 -0.06951160579774296 0.5212263034190983 0.08720670048205648 1.2734788301750086 0.9840470569761237 -0.2894434318441199 -1.7366022978094406 1.0346877219853923 0.08124623600451741 -1.3439799833286088 -1.1658652510959655e-05 -1.1658652510959655e-05 -1.1658652510959655e-05 -1.1658652510959655e-05 -1.1658652510959655e-05 
1649077003.1789572 0.15926778470748104 -0.4747766242362559 0.5205976606812328 0.0428524628514424 1.0419287550030276 0.810401962902688 -0.8104252802077099 -1.5050522226447356 1.0558054613720742 0.08138593439070974 -1.3450044381606858 -1.1658652510959655e-05 -1.1658652510959655e-05 -1.1658652510959655e-05 -1.1658652510959655e-05 -1.1658652510959655e-05 
1649077003.1869247 1.343723835379933 -0.40534652628412005 0.5197361872997135 0.009394699351105373 4.515110033324163 3.415264638577355 -4.167819879410672 -4.341464973491384 1.0753865185033646 0.08119966987578664 -1.3453536841261666 -1.1658652510959655e-05 -1.1658652510959655e-05 -1.1658652510959655e-05 -1.1658652510959655e-05 -1.1658652510959655e-05 
1649077003.203187 -5.600729509984376 -0.01495938597508939 0.5194567905273288 0.011234061435970943 5.209736975761189 2.7785193941672333 -2.3733475422268384 -6.48325078189373 1.0846997442567954 0.08131608519761357 -1.3454468163836282 -1.1658652510959655e-05 -1.1658652510959655e-05 -1.1658652510959655e-05 -1.1658652510959655e-05 -1.1658652510959655e-05 
1649077003.219641 -0.6440212191519095 -0.23153845075285062 0.5216221155133098 0.03540188225451857 5.0360685986233875 3.704696411768964 -3.183737880717672 -4.920328519874602 1.1027441191399703 0.08152563277690206 -1.3460288929927628 -1.1658652510959655e-05 -1.1658652510959655e-05 -1.1658652510959655e-05 -1.1658652510959655e-05 -1.1658652510959655e-05 
1649077003.240059 -0.21200395975029096 -1.187238393984444 0.5242531017865986 0.0839470714709023 7.525167878244247 4.746636825431779 -4.167819879410672 -6.309582404755929 1.1190655472673825 0.08150234971253667 -1.3475190091121476 -1.1658652510959655e-05 -1.1658652510959655e-05 -1.1658652510959655e-05 -1.1658652510959655e-05 -1.1658652510959655e-05 
1649077003.2562947 -1.938745862680662 -0.8425791921035852 0.5239271388854831 0.08890636418072972 7.64095455736242 4.283559958159458 -4.341464973491384 -7.351546101475833 1.1261203157700947 0.0814557835838059 -1.3484270486223977 -1.1658652510959655e-05 -1.1658652510959655e-05 -1.1658652510959655e-05 -1.1658652510959655e-05 -1.1658652510959655e-05 
1649077003.2854853 1.1776224541608826 -0.32108511632395675 0.5250680090393871 0.09100183997361455 7.988268028580933 4.746636825431779 -5.151878595046583 -7.930409647859051 1.1379481124677113 0.08136265132634435 -1.350243127642898 -1.1658652510959655e-05 -1.1658652510959655e-05 -1.1658652510959655e-05 -1.1658652510959655e-05 -1.1658652510959655e-05 
1649077003.3507183 1.1776224541608826 -0.32108511632395675 0.5250680090393871 0.09100183997361455 7.988268028580933 4.746636825431779 -5.151878595046583 -7.930409647859051 1.1379481124677113 0.08136265132634435 -1.350243127642898 -1.1658652510959655e-05 -1.1658652510959655e-05 -1.1658652510959655e-05 -1.1658652510959655e-05 -1.1658652510959655e-05 
1649077003.3904839 1.1776224541608826 -0.32108511632395675 0.5250680090393871 0.09100183997361455 7.988268028580933 4.746636825431779 -5.151878595046583 -7.930409647859051 1.1379481124677113 0.08136265132634435 -1.350243127642898 -1.1658652510959655e-05 -1.1658652510959655e-05 -1.1658652510959655e-05 -1.1658652510959655e-05 -1.1658652510959655e-05 
1649077003.4232552 2.142216527972778 1.4525954443743103 0.5235313267912716 0.005343446151528042 8.39346319782635 5.209736975761189 -5.151878595046583 -8.740799986349884 1.1949450540487305 0.08087370697467122 -1.3554119679320138 -1.1658652510959655e-05 -1.1658652510959655e-05 -1.1658652510959655e-05 -1.1658652510959655e-05 -1.1658652510959655e-05 
1649077003.432151 -0.950938573681924 0.4827161149441963 0.5236477421130985 0.004691520349297207 9.145995121354645 4.746636825431779 -5.4991920662650955 -8.798704967441154 1.1854921299163834 0.08078057471720967 -1.3554585340607446 -1.1658652510959655e-05 -1.1658652510959655e-05 -1.1658652510959655e-05 -1.1658652510959655e-05 -1.1658652510959655e-05 
1649077003.4649692 6.8141962246227195 -1.0267947974061826 0.5234847606625408 -0.0005937352616456337 4.283559958159458 -3.878388106219063 3.0100694693319383 -4.341464973491384 1.149123983370373 0.08036147955863271 -1.3553886848676484 -1.1658652510959655e-05 -1.1658652510959655e-05 -1.1658652510959655e-05 -1.1658652510959655e-05 -1.1658652510959655e-05 
1649077003.4811993 6.993615518658771 -0.14716062547813635 0.5228794009890407 -0.006950011833396275 3.0100694693319383 -5.4991920662650955 4.225678260132554 -3.646838031054358 1.1391122656859807 0.08029163036553655 -1.3553188356745522 -1.1658652510959655e-05 -1.1658652510959655e-05 -1.1658652510959655e-05 -1.1658652510959655e-05 -1.1658652510959655e-05 
1649077003.5139234 6.483134332331247 0.22022284723061603 0.5276757122483104 0.09025678191392217 -1.7366022978094406 -7.814622968748154 4.225678260132554 1.9681057726120343 1.0990653949702391 0.07875494811742101 -1.3570883485663217 -1.1658652510959655e-05 -1.1658652510959655e-05 -1.1658652510959655e-05 -1.1658652510959655e-05 -1.1658652510959655e-05 
1649077003.536761 4.246679584197409 0.1500476912187878 0.528909714659676 0.12376111154298997 -1.6208156186985434 -8.393486515131372 4.572991731351067 2.1417741497498355 1.0892865079367766 0.07833585295884404 -1.3583223509776872 -1.1658652510959655e-05 -1.1658652510959655e-05 -1.1658652510959655e-05 -1.1658652510959655e-05 -1.1658652510959655e-05 
1649077003.553562 1.5786033887488884 -2.3720204075580114 0.5299108864273876 0.10664805922715459 -4.862446821847698 -2.1996791650817613 3.357382940550451 5.209736975761189 1.0700081306349603 0.07810302230791422 -1.3608602049935143 -1.1658652510959655e-05 -1.1658652510959655e-05 -1.1658652510959655e-05 -1.1658652510959655e-05 -1.1658652510959655e-05 
1649077003.5688643 4.517857434919279 -0.6205286071999581 0.528071524342522 0.06310872885660501 -5.962268933537416 -6.772682555085339 5.730718824124779 6.135913993370195 1.0526156815540162 0.07805645617918344 -1.3623037549914443 -1.1658652510959655e-05 -1.1658652510959655e-05 -1.1658652510959655e-05 -1.1658652510959655e-05 -1.1658652510959655e-05 
1649077003.5853286 3.268371785459749 -0.6501679481443716 0.5289329977240413 0.047741906375449616 -5.846505537483608 -7.119996026311128 5.3255003718149965 6.830540935807221 1.0447692888556048 0.07780034247116419 -1.3627926993431174 -1.1658652510959655e-05 -1.1658652510959655e-05 -1.1658652510959655e-05 -1.1658652510959655e-05 -1.1658652510959655e-05 
1649077003.6018975 1.373153628745058 0.30553199508722173 0.5332403646316379 0.08604254726378713 -7.872527949839423 -6.772682555085339 5.499168748960074 8.798681650136132 1.031241828459315 0.07728811505512567 -1.3641896832050406 -1.1658652510959655e-05 -1.1658652510959655e-05 -1.1658652510959655e-05 -1.1658652510959655e-05 -1.1658652510959655e-05 
1649077003.6364186 -3.2540061689869617 -0.5967798815399874 0.5359412000980228 0.1529347912000958 -8.625036590303353 -5.093996897019679 4.804541806523048 9.203876819381549 1.0143616067871335 0.07675260457472177 -1.368357351726445 -1.1658652510959655e-05 -1.1658652510959655e-05 -1.1658652510959655e-05 -1.1658652510959655e-05 -1.1658652510959655e-05 
1649077003.6854162 -3.831752128280641 1.24023061425396 0.5345442162360996 0.015890674316324294 -9.03023175954877 -4.167819879410672 5.44128705093317 8.219818103752914 1.0051182302340749 0.07684573683218332 -1.371919660574349 -1.1658652510959655e-05 -1.1658652510959655e-05 -1.1658652510959655e-05 -1.1658652510959655e-05 -1.1658652510959655e-05 
1649077003.7195778 -1.972320041502826 -0.08746284843073227 0.5327747033443302 -0.010908132775512058 -7.75674127072125 -4.109914898319403 4.052009882987477 6.193795691397099 1.0086572560176137 0.07735796424822183 -1.3719429436387145 -1.1658652510959655e-05 -1.1658652510959655e-05 -1.1658652510959655e-05 -1.1658652510959655e-05 -1.1658652510959655e-05 
1649077003.7265904 -1.6764621425463702 -0.11156082005618373 0.5309353412594646 -0.032677797964424826 -7.177877724330756 -2.4891109382806462 4.283559958159458 5.499168748960074 1.0170624422535184 0.0779633239217219 -1.3713608670295798 -1.1658652510959655e-05 -1.1658652510959655e-05 -1.1658652510959655e-05 -1.1658652510959655e-05 -1.1658652510959655e-05 
1649077003.7427309 1.2846779841347598 -0.5661393688278622 0.5276757122483104 -0.07610071301314747 -6.425369083866826 -3.067974484663864 3.704696411768964 5.614932145006605 1.0285177099285647 0.07838241908757482 -1.370103581553849 -1.1658652510959655e-05 -1.1658652510959655e-05 -1.1658652510959655e-05 -1.1658652510959655e-05 -1.1658652510959655e-05 
1649077003.7641556 -0.9638839574763551 0.5799694748275215 0.5255336703266948 -0.09726501852856018 -4.515133350629185 -2.604874334327178 3.2995012425235473 3.2416195445039193 1.035269798594527 0.07856868360249791 -1.3691256928505027 -1.1658652510959655e-05 -1.1658652510959655e-05 -1.1658652510959655e-05 -1.1658652510959655e-05 -1.1658652510959655e-05 
1649077003.780346 -3.7846504890621873 -0.4357076422238606 0.5265348420944065 -0.06986085176322376 -3.299524559828569 -1.3313838455069344 2.3154425268949126 1.6207923013935215 1.0505900549542275 0.07924389246909413 -1.3675657275380217 -1.1658652510959655e-05 -1.1658652510959655e-05 -1.1658652510959655e-05 -1.1658652510959655e-05 -1.1658652510959655e-05 
1649077003.791866 -4.24877509423095 -0.29824443018151214 0.5279783920850605 0.010558852569374721 -0.8683069782346138 0.6367335857576109 1.5050289053397137 -0.6367569030626328 1.0670046153318253 0.07994238440005574 -1.3672630477012717 -1.1658652510959655e-05 -1.1658652510959655e-05 -1.1658652510959655e-05 -1.1658652510959655e-05 -1.1658652510959655e-05 
1649077003.8128717 -4.169309995530057 -0.7475842894709785 0.530539529165253 0.07740453037695261 0.2315384165121941 0.578851887730707 0.7524969818114187 -1.5050522226447356 1.0758987459194032 0.08024506423680577 -1.3680313888253295 -1.1658652510959655e-05 -1.1658652510959655e-05 -1.1658652510959655e-05 -1.1658652510959655e-05 -1.1658652510959655e-05 
1649077003.8648496 -1.9129482273565372 -0.4658359275199473 0.533845724305138 0.10790534470288549 4.225678260132554 2.836401092194137 -2.0839157690352295 -5.093996897019679 1.1206953617729596 0.08099012229649816 -1.374736911362561 -1.1658652510959655e-05 -1.1658652510959655e-05 -1.1658652510959655e-05 -1.1658652510959655e-05 -1.1658652510959655e-05 
1649077003.8981583 -1.0311952965712408 -1.6109668824647088 0.5348934622015804 0.041106233024038374 6.541109162615612 4.746636825431779 -4.167819879410672 -7.23575942235766 1.148285793053219 0.08159548196999822 -1.3764132919968688 -1.1658652510959655e-05 -1.1658652510959655e-05 -1.1658652510959655e-05 -1.1658652510959655e-05 -1.1658652510959655e-05 
1649077003.9227216 -1.197413093112118 -0.8801347749322304 0.5352659912314266 0.044319295906461775 8.740776669044863 5.3833820698419 -5.672837160338531 -10.361627229460282 1.180230157369806 0.08231725696532521 -1.3779732573093497 -1.1658652510959655e-05 -1.1658652510959655e-05 -1.1658652510959655e-05 -1.1658652510959655e-05 -1.1658652510959655e-05 
1649077003.9622874 1.4734803531173384 -0.4761503250338137 0.5375244484748691 0.08303903196065221 10.36160391215526 6.541109162615612 -6.078055612648313 -10.014290475177404 1.1983909475748078 0.08275963518826757 -1.3797660532654845 -1.1658652510959655e-05 -1.1658652510959655e-05 -1.1658652510959655e-05 -1.1658652510959655e-05 -1.1658652510959655e-05 
1649077003.9881783 1.404981577739818 0.8202274160648813 0.5407840774860233 0.10327201489417348 9.84062206379167 6.020150597316388 -5.557073764291999 -9.319663532740378 1.2097530829923926 0.08259665373770986 -1.3830023992122733 -1.1658652510959655e-05 -1.1658652510959655e-05 -1.1658652510959655e-05 -1.1658652510959655e-05 -1.1658652510959655e-05 
1649077004.027453 2.6913941672901274 -4.16591066813271 0.5427631379570812 0.07665947231726022 8.682894971017959 4.804541806523048 -4.688778444709897 -8.104054741939763 1.2144562619942008 0.08250352148024831 -1.3867276895107352 -1.1658652510959655e-05 -1.1658652510959655e-05 -1.1658652510959655e-05 -1.1658652510959655e-05 -1.1658652510959655e-05 
1649077004.0504832 3.5454402514733374 1.2013246136848466 0.5427398548927158 0.06399348530248972 8.62501327299833 4.341441656186362 -4.688778444709897 -7.640977874667442 1.2143631297367392 0.08238710615842137 -1.387379615312966 -1.1658652510959655e-05 -1.1658652510959655e-05 -1.1658652510959655e-05 -1.1658652510959655e-05 -1.1658652510959655e-05 
1649077004.0564451 2.6163761338902987 -3.072118870120903 0.5434849129524082 0.05475010874943109 7.814599651443132 4.572991731351067 -4.862446821847698 -8.161936439966667 1.2107309716957388 0.08231725696532521 -1.3885437685312354 -1.1658652510959655e-05 -1.1658652510959655e-05 -1.1658652510959655e-05 -1.1658652510959655e-05 -1.1658652510959655e-05 
1649077004.074541 1.4884047973828274 1.1922209355179803 0.5417619661893696 0.02152517589274794 7.177854407025734 4.341441656186362 -4.052033200292499 -7.351546101475833 1.2041651475374238 0.08238710615842137 -1.3891491282047355 -1.1658652510959655e-05 -1.1658652510959655e-05 -1.1658652510959655e-05 -1.1658652510959655e-05 -1.1658652510959655e-05 
1649077004.086091 3.7880497822188772 -0.6229733289583237 0.5417386831250042 0.020710268639959395 6.0780322953432915 3.704696411768964 -4.225701577437576 -6.830564253112243 1.1994619685356156 0.08241038922278676 -1.389358675784024 -1.1658652510959655e-05 -1.1658652510959655e-05 -1.1658652510959655e-05 -1.1658652510959655e-05 -1.1658652510959655e-05 
1649077004.1357622 4.8126443129222025 0.19046709096437553 0.5379668266978115 -0.042968912413925864 3.2995012425235473 1.2734788301750086 -1.7944839958363445 -3.473169653909281 1.1638854461780284 0.08217755857913289 -1.3879616919221007 -1.1658652510959655e-05 -1.1658652510959655e-05 -1.1658652510959655e-05 -1.1658652510959655e-05 -1.1658652510959655e-05 
1649077004.1931355 4.553550372598693 -1.1542462917714147 0.5305162461008877 -0.11798694582103053 -1.8523656938632485 -2.1996791650817613 3.0100694693319383 0.7524969818114187 1.1208117770947865 0.08273635212390218 -1.3837940234006965 -1.1658652510959655e-05 -1.1658652510959655e-05 -1.1658652510959655e-05 -1.1658652510959655e-05 -1.1658652510959655e-05 
1649077004.2115793 1.6247271392712719 -0.7602735595501144 0.5265115590300411 -0.1472770407999633 -3.994151502272871 -2.1417974670548574 2.6627559981134254 2.894282790213765 1.101160870763124 0.0832252964755753 -1.38100005567685 -1.1658652510959655e-05 -1.1658652510959655e-05 -1.1658652510959655e-05 -1.1658652510959655e-05 -1.1658652510959655e-05 
1649077004.2231834 1.478812174857012 0.35272676656313706 0.5252542735543102 -0.1339125618469552 -4.7466601427368005 -3.704719729073986 3.0100694693319383 3.820459807822772 1.0915216821158538 0.08329514566867147 -1.3796496379436576 -1.1658652510959655e-05 -1.1658652510959655e-05 -1.1658652510959655e-05 -1.1658652510959655e-05 -1.1658652510959655e-05 
1649077004.2333183 3.8179685199356754 0.22860475040215533 0.5232286469545215 -0.13745158763049403 -5.846505537483608 -4.7466601427368005 6.425345766561804 5.3833820698419 1.0731979104530183 0.08350469324795995 -1.3771117839278304 0.08350469324795995 -1.1658652510959655e-05 -1.1658652510959655e-05 -1.1658652510959655e-05 -1.1658652510959655e-05 
1649077004.2559817 -0.1558219254220603 0.3268359989815508 0.5148234607113409 -0.18138673010253115 -7.814622968748154 -6.367487385839922 4.341441656186362 6.656895841733785 1.0561314242731896 0.0837608069559792 -1.3736193242730224 -1.1658652510959655e-05 -1.1658652510959655e-05 -1.1658652510959655e-05 -1.1658652510959655e-05 -1.1658652510959655e-05 
1649077004.272275 5.065870921018359 0.03330640646163374 0.5145673470033216 -0.1805718228497426 -8.161936439966667 -7.872527949839423 4.92030520256958 7.583072859335516 1.048331597703509 0.08352797631232534 -1.3718265283168876 -1.1658652510959655e-05 -1.1658652510959655e-05 -1.1658652510959655e-05 -1.1658652510959655e-05 -1.1658652510959655e-05 
1649077004.2823312 5.065870921018359 0.03330640646163374 0.5145673470033216 -0.1805718228497426 -8.161936439966667 -7.872527949839423 4.92030520256958 7.583072859335516 1.048331597703509 0.08352797631232534 -1.3718265283168876 -1.1658652510959655e-05 -1.1658652510959655e-05 -1.1658652510959655e-05 -1.1658652510959655e-05 -1.1658652510959655e-05 
1649077004.3050785 5.065870921018359 0.03330640646163374 0.5145673470033216 -0.1805718228497426 -8.161936439966667 -7.872527949839423 4.92030520256958 7.583072859335516 1.048331597703509 0.08352797631232534 -1.3718265283168876 -1.1658652510959655e-05 -1.1658652510959655e-05 -1.1658652510959655e-05 -1.1658652510959655e-05 -1.1658652510959655e-05 
1649077004.3202202 5.065870921018359 0.03330640646163374 0.5145673470033216 -0.1805718228497426 -8.161936439966667 -7.872527949839423 4.92030520256958 7.583072859335516 1.048331597703509 0.08352797631232534 -1.3718265283168876 -1.1658652510959655e-05 -1.1658652510959655e-05 -1.1658652510959655e-05 -1.1658652510959655e-05 -1.1658652510959655e-05 
1649077004.3523371 5.065870921018359 0.03330640646163374 0.5145673470033216 -0.1805718228497426 -8.161936439966667 -7.872527949839423 4.92030520256958 7.583072859335516 1.048331597703509 0.08352797631232534 -1.3718265283168876 -1.1658652510959655e-05 -1.1658652510959655e-05 -1.1658652510959655e-05 -1.1658652510959655e-05 -1.1658652510959655e-05 
1649077004.368698 5.065870921018359 0.03330640646163374 0.5145673470033216 -0.1805718228497426 -8.161936439966667 -7.872527949839423 4.92030520256958 7.583072859335516 1.048331597703509 0.08352797631232534 -1.3718265283168876 -1.1658652510959655e-05 -1.1658652510959655e-05 -1.1658652510959655e-05 -1.1658652510959655e-05 -1.1658652510959655e-05 
1649077004.3849516 5.065870921018359 0.03330640646163374 0.5145673470033216 -0.1805718228497426 -8.161936439966667 -7.872527949839423 4.92030520256958 7.583072859335516 1.048331597703509 0.08352797631232534 -1.3718265283168876 -1.1658652510959655e-05 -1.1658652510959655e-05 -1.1658652510959655e-05 -1.1658652510959655e-05 -1.1658652510959655e-05 
1649077004.400888 5.065870921018359 0.03330640646163374 0.5145673470033216 -0.1805718228497426 -8.161936439966667 -7.872527949839423 4.92030520256958 7.583072859335516 1.048331597703509 0.08352797631232534 -1.3718265283168876 -1.1658652510959655e-05 -1.1658652510959655e-05 -1.1658652510959655e-05 -1.1658652510959655e-05 -1.1658652510959655e-05 
1649077004.4294508 1.928966941406543 0.49880471242795466 0.5053705365789938 -0.004412157817569096 -10.419508927487186 -5.4991920662650955 7.004209312952298 9.088090140263375 0.9683309885294875 0.08313216421811376 -1.3611628848302644 -1.1658652510959655e-05 -1.1658652510959655e-05 -1.1658652510959655e-05 -1.1658652510959655e-05 -1.1658652510959655e-05 
1649077004.5026164 -1.6155070800232352 -0.26953641181171406 0.5108187736404943 0.1095817253444693 -4.688778444709897 -0.4052068278979277 3.588933015722432 3.357382940550451 1.0187621059594676 0.08487839404551778 -1.3646786275567138 -1.1658652510959655e-05 -1.1658652510959655e-05 -1.1658652510959655e-05 -1.1658652510959655e-05 -1.1658652510959655e-05 
1649077004.5196471 -3.8713799038450816 -0.46110946545377374 0.5141249687803793 0.15198018556111492 -1.8523656938632485 -0.9261886762615177 2.894282790213765 -0.11577505470631877 1.0365503671346232 0.08567001823394094 -1.3673794630230987 -1.1658652510959655e-05 -1.1658652510959655e-05 -1.1658652510959655e-05 -1.1658652510959655e-05 -1.1658652510959655e-05 
1649077004.5276036 -4.999537504867476 0.07959313843457494 0.5205976606812328 0.21593876338738482 -0.8104252802077099 1.099833736094297 1.3892655092859059 -2.0839157690352295 1.0579242202293244 0.08692730370967183 -1.371430716222676 -1.1658652510959655e-05 -1.1658652510959655e-05 -1.1658652510959655e-05 -1.1658652510959655e-05 -1.1658652510959655e-05 
1649077004.6420512 -0.41179593511333223 1.4784163627628004 0.546418579062447 0.19954748606687644 8.39346319782635 4.862423504542676 -4.920328519874602 -6.599014177947538 1.1554104107490275 0.09156063351838384 -1.4027930039301282 -1.1658652510959655e-05 -1.1658652510959655e-05 -1.1658652510959655e-05 -1.1658652510959655e-05 -1.1658652510959655e-05 
1649077004.681573 2.161611320596421 0.724114926342736 0.5525420249978197 0.15824332987540402 8.219818103752914 4.862423504542676 -4.341464973491384 -7.930409647859051 1.1731521057954524 0.0914442181965569 -1.409708074046648 -1.1658652510959655e-05 -1.1658652510959655e-05 -1.1658652510959655e-05 -1.1658652510959655e-05 -1.1658652510959655e-05 
1649077004.7142327 -0.5002715797236306 0.5401088686194271 0.5547539161125314 0.12562375669222092 7.814599651443132 4.515110033324163 -3.878388106219063 -7.293664403448929 1.177529321903421 0.09142093513219152 -1.4141085732117062 -1.1658652510959655e-05 -1.1658652510959655e-05 -1.1658652510959655e-05 -1.1658652510959655e-05 -1.1658652510959655e-05 
1649077004.7563846 1.0596937331210938 -1.4347140851823497 0.5588983015695703 0.11072259549837327 6.772659237780317 4.283559958159458 -3.415287955882377 -5.904387235510512 1.1701485904923175 0.09151406738965306 -1.4193705457582837 -1.1658652510959655e-05 -1.1658652510959655e-05 -1.1658652510959655e-05 -1.1658652510959655e-05 -1.1658652510959655e-05 
1649077004.8306475 3.7235556939122034 -0.3733090297100716 0.566581712810148 0.14394752835505642 3.2995012425235473 1.8523423765582265 -1.3313838455069344 -2.4312292402537423 1.135340409258788 0.09184003029076848 -1.4275429013578105 -1.1658652510959655e-05 -1.1658652510959655e-05 -1.1658652510959655e-05 -1.1658652510959655e-05 -1.1658652510959655e-05 
1649077004.8612015 2.256629506293393 -0.5553127438979573 0.5671405063549173 0.0859261319419602 -1.5050522226447356 -2.257560863108665 1.7944606785313226 1.5629106033666176 1.101766230436624 0.0918167472264031 -1.4325254771320033 -1.1658652510959655e-05 -1.1658652510959655e-05 -1.1658652510959655e-05 -1.1658652510959655e-05 -1.1658652510959655e-05 
1649077004.8871782 3.2471609138228814 0.19421566432720283 0.5671405063549173 0.013073423520836513 -3.183737880717672 -3.936269804245967 2.836401092194137 3.878364788914041 1.07419908222073 0.09114153835980687 -1.4334335166422534 -1.1658652510959655e-05 -1.1658652510959655e-05 -1.1658652510959655e-05 -1.1658652510959655e-05 -1.1658652510959655e-05 
1649077004.9099448 3.490119690533902 0.36930430839856854 0.5663255991021288 0.016798713826574385 -5.383405387146922 -4.28358327546448 3.2416195445039193 5.151855277741561 1.0551768186342088 0.09088542465178762 -1.4336197811571765 -1.1658652510959655e-05 -1.1658652510959655e-05 -1.1658652510959655e-05 -1.1658652510959655e-05 -1.1658652510959655e-05 
1649077004.942927 1.6471952963911463 -0.6063957871228922 0.5639507265368593 -0.019406451276154257 -7.583096176640538 -5.2676419910931145 4.225678260132554 7.872504632534401 1.0287039744434878 0.09041976336447988 -1.4334800827709842 -1.1658652510959655e-05 -1.1658652510959655e-05 -1.1658652510959655e-05 -1.1658652510959655e-05 -1.1658652510959655e-05 
1649077004.9763577 0.8706585334948613 0.29666114755673334 0.564835482982744 0.0031781211655470543 -8.972350061521865 -7.062114328284224 5.7886005221516825 9.37752191346226 1.0065384971603635 0.08986096981971059 -1.4332705351916957 -1.1658652510959655e-05 -1.1658652510959655e-05 -1.1658652510959655e-05 -1.1658652510959655e-05 -1.1658652510959655e-05 
1649077004.9852726 0.03617022337857634 1.1029769497836241 0.5653709934631479 0.04031460883561522 -10.187958852322481 -6.078055612648313 5.962245616232394 9.435426894546254 0.9956653061017278 0.08976783756224904 -1.4338526118008303 -1.1658652510959655e-05 -1.1658652510959655e-05 -1.1658652510959655e-05 -1.1658652510959655e-05 -1.1658652510959655e-05 
1649077005.0025582 2.6682973674323875 -2.9479968539599213 0.5654175595918787 0.03996536287013441 -9.49333190987818 -6.0201739146214095 5.846482220178586 10.535249006235972 0.9873532521232846 0.08972127143351827 -1.4346908021179843 -1.1658652510959655e-05 -1.1658652510959655e-05 -1.1658652510959655e-05 -1.1658652510959655e-05 -1.1658652510959655e-05 
1649077005.0416715 -0.05847543328854954 -1.5894067648623604 0.5651614458838594 0.017543771886266768 -9.20390013668657 -5.614955462311627 5.3833820698419 9.956385459845478 0.9821145626337966 0.0898376867553452 -1.4355289924351382 -1.1658652510959655e-05 -1.1658652510959655e-05 -1.1658652510959655e-05 -1.1658652510959655e-05 -1.1658652510959655e-05 
1649077005.0562289 0.06275948289112421 0.6171525286263204 0.5649751813689363 0.020943099283613265 -8.740799986349884 -4.9782102179015055 5.3255003718149965 8.335581499799446 0.9822309779556235 0.08988425288407598 -1.4359015214649844 -1.1658652510959655e-05 -1.1658652510959655e-05 -1.1658652510959655e-05 -1.1658652510959655e-05 -1.1658652510959655e-05 
1649077005.0715954 -6.300152763680671 0.7561058567880536 0.5646259354034555 0.02005834283772856 -8.625036590303353 -4.515133350629185 5.151855277741561 8.046149726607837 0.983884075525566 0.09000066820590291 -1.4361110690442729 -1.1658652510959655e-05 -1.1658652510959655e-05 -1.1658652510959655e-05 -1.1658652510959655e-05 -1.1658652510959655e-05 
1649077005.1899276 -1.0063289838217315 -0.029138772180886008 0.5669775249043596 0.05689215067104669 -4.225701577437576 -1.8523656938632485 2.836401092194137 4.399323354213266 1.0163406672581914 0.09060602787940297 -1.4403020206300425 -1.1658652510959655e-05 -1.1658652510959655e-05 -1.1658652510959655e-05 -1.1658652510959655e-05 -1.1658652510959655e-05 
1649077005.2065623 -1.3913377362550818 -0.3246241421074956 0.5670706571618211 0.05614709261135431 -3.936269804245967 -2.7206610134453513 2.5469693189952523 3.878364788914041 1.0279123502550647 0.09060602787940297 -1.4408840972391772 -1.1658652510959655e-05 -1.1658652510959655e-05 -1.1658652510959655e-05 -1.1658652510959655e-05 -1.1658652510959655e-05 
1649077005.221499 0.2514454365518759 0.35309929559298325 0.5667214111963403 0.03146704437676817 -1.1658652510959655e-05 0.8682836609295919 -0.057893356679414865 -0.8683069782346138 1.0509393009197083 0.09072244320122991 -1.4417222875563311 -1.1658652510959655e-05 -1.1658652510959655e-05 -1.1658652510959655e-05 -1.1658652510959655e-05 -1.1658652510959655e-05 
1649077005.30303 -1.6739475715876324 -0.5502370358663029 0.58078438208031 0.2074171618296532 2.5469693189952523 2.836401092194137 0.4630884916841751 -14.703080544299155 1.0888441297138343 0.09363282624690328 -1.445028482696216 -1.1658652510959655e-05 -1.1658652510959655e-05 -1.1658652510959655e-05 -1.1658652510959655e-05 -1.1658652510959655e-05 
1649077005.3162913 -1.6739475715876324 -0.5502370358663029 0.58078438208031 0.2074171618296532 2.5469693189952523 2.836401092194137 0.4630884916841751 -14.703080544299155 1.0888441297138343 0.09363282624690328 -1.445028482696216 -1.1658652510959655e-05 -1.1658652510959655e-05 -1.1658652510959655e-05 -1.1658652510959655e-05 -1.1658652510959655e-05 
1649077005.3324938 -1.6739475715876324 -0.5502370358663029 0.58078438208031 0.2074171618296532 2.5469693189952523 2.836401092194137 0.4630884916841751 -14.703080544299155 1.0888441297138343 0.09363282624690328 -1.445028482696216 -1.1658652510959655e-05 -1.1658652510959655e-05 -1.1658652510959655e-05 -1.1658652510959655e-05 -1.1658652510959655e-05 
1649077005.3613317 -1.6739475715876324 -0.5502370358663029 0.58078438208031 0.2074171618296532 2.5469693189952523 2.836401092194137 0.4630884916841751 -14.703080544299155 1.0888441297138343 0.09363282624690328 -1.445028482696216 -1.1658652510959655e-05 -1.1658652510959655e-05 -1.1658652510959655e-05 -1.1658652510959655e-05 -1.1658652510959655e-05 
1649077005.3828142 -1.6739475715876324 -0.5502370358663029 0.58078438208031 0.2074171618296532 2.5469693189952523 2.836401092194137 0.4630884916841751 -14.703080544299155 1.0888441297138343 0.09363282624690328 -1.445028482696216 -1.1658652510959655e-05 -1.1658652510959655e-05 -1.1658652510959655e-05 -1.1658652510959655e-05 -1.1658652510959655e-05 
1649077005.3995798 -0.538805051255622 1.3826996851348667 0.5897017957322532 0.03866151126567274 11.750857797029312 6.541109162615612 -7.293664403448929 -10.882585794759507 1.2032571080271737 0.09707871977298055 -1.468614226905629 -1.1658652510959655e-05 -1.1658652510959655e-05 -1.1658652510959655e-05 -1.1658652510959655e-05 -1.1658652510959655e-05 
1649077005.4104362 -0.03693859874329064 0.724114926342736 0.588723907028907 0.02972081454936415 12.734916512665222 6.888422633834125 -7.698859572694346 -12.387626358751731 1.194013731474115 0.09696230445115361 -1.4692661527078599 -1.1658652510959655e-05 -1.1658652510959655e-05 -1.1658652510959655e-05 -1.1658652510959655e-05 -1.1658652510959655e-05 
1649077005.4497 5.412718730949564 2.155581006925786 0.5907029674999649 0.035052636289037764 10.014267157872382 4.572991731351067 -5.325523689120018 -9.261781834713474 1.1781113985125558 0.09654320929257665 -1.4702440414112061 -1.1658652510959655e-05 -1.1658652510959655e-05 -1.1658652510959655e-05 -1.1658652510959655e-05 -1.1658652510959655e-05 
1649077005.4818919 -2.7916045105812373 -2.224149665737059 0.591191911851638 0.0474159434743342 6.772659237780317 3.2995012425235473 -4.28358327546448 -5.846505537483608 1.152732858347008 0.09593784961907659 -1.4718505728524178 -1.1658652510959655e-05 -1.1658652510959655e-05 -1.1658652510959655e-05 -1.1658652510959655e-05 -1.1658652510959655e-05 
1649077005.498074 6.700085926138854 1.1970870959703461 0.593240821515792 0.06892949494795175 5.499168748960074 -0.4052068278979277 -0.9840703742811456 -4.862446821847698 1.1358759197391919 0.09575158510415349 -1.4730380091350526 -1.1658652510959655e-05 -1.1658652510959655e-05 -1.1658652510959655e-05 -1.1658652510959655e-05 -1.1658652510959655e-05 
1649077005.5086048 6.914709213509923 -0.7314025597297587 0.5920766682975227 0.046764017664827406 3.18371456341265 -3.183737880717672 1.1577154341212008 -2.6627793154184474 1.1154566722907475 0.09521607462374959 -1.4739926147740334 -1.1658652510959655e-05 -1.1658652510959655e-05 -1.1658652510959655e-05 -1.1658652510959655e-05 -1.1658652510959655e-05 
1649077005.5249872 2.2350461056194035 1.2223725038784323 0.5936831997387344 0.069907383651298 1.9681057726120343 -4.630896746682993 -0.3473251298710238 -1.4471705246178317 1.1050258594477782 0.09470384720771108 -1.474691106704995 -1.1658652510959655e-05 -1.1658652510959655e-05 -1.1658652510959655e-05 -1.1658652510959655e-05 -1.1658652510959655e-05 
1649077005.5467625 6.308627764876292 0.5333334968890995 0.6005284206621582 0.1356820404980681 -0.463111808989197 -6.888445951139147 2.9521877713050344 1.1577154341212008 1.0850489902222762 0.09356297705380712 -1.477159111527726 -1.1658652510959655e-05 -1.1658652510959655e-05 -1.1658652510959655e-05 -1.1658652510959655e-05 -1.1658652510959655e-05 
1649077005.5576453 4.12330262609612 -0.08802164197550155 0.6038811819307739 0.22464662946003955 -1.5050522226447356 -7.583096176640538 4.16779656210565 2.9521877713050344 1.0653515177618829 0.09258508835046086 -1.481187081662938 -1.1658652510959655e-05 -1.1658652510959655e-05 -1.1658652510959655e-05 -1.1658652510959655e-05 -1.1658652510959655e-05 
1649077005.5812495 0.5456036718096584 -1.0739197196890018 0.6078393028728897 0.2589425832775305 -3.76260142710089 -4.630896746682993 3.820459807822772 4.746636825431779 1.0557821783077088 0.092352257706807 -1.483771501807496 -1.1658652510959655e-05 -1.1658652510959655e-05 -1.1658652510959655e-05 -1.1658652510959655e-05 -1.1658652510959655e-05 
1649077005.6124592 2.4883891290446627 -2.145313209781307 0.6105401383465505 0.17484415477520088 -6.251700706729025 -5.672837160338531 5.5570504469869775 6.772659237780317 1.0206247511086985 0.09177018109767232 -1.4922232541794074 -1.1658652510959655e-05 -1.1658652510959655e-05 -1.1658652510959655e-05 -1.1658652510959655e-05 -1.1658652510959655e-05 
1649077005.6231306 1.8171849493592163 -0.4686531783081591 0.6120302544659353 0.14348186706774868 -6.772682555085339 -5.846505537483608 5.3833820698419 7.698836255389324 1.0135932656630757 0.09165376577584539 -1.4936668041700614 -1.1658652510959655e-05 -1.1658652510959655e-05 -1.1658652510959655e-05 -1.1658652510959655e-05 -1.1658652510959655e-05 
1649077005.6885955 -0.1456239432300208 -1.8997467298613628 0.6205518560236669 0.13398237679939484 -8.277723119077564 -5.036091915928409 4.630873429377971 9.261758517408452 0.9822775440843543 0.09025678191392217 -1.5049125242585433 -1.1658652510959655e-05 -1.1658652510959655e-05 -1.1658652510959655e-05 -1.1658652510959655e-05 -1.1658652510959655e-05 
1649077005.7278926 -0.24564798776555108 -0.39836160697450396 0.6212736310189939 0.07763736102060648 -7.293664403448929 -4.630896746682993 4.283559958159458 7.872504632534401 0.9826267900498351 0.0902102157851914 -1.5079160395616782 -1.1658652510959655e-05 -1.1658652510959655e-05 -1.1658652510959655e-05 -1.1658652510959655e-05 -1.1658652510959655e-05 
1649077005.7376049 -2.614140993951878 -0.22466994676506147 0.6218557076281286 0.06129264983610483 -7.177877724330756 -4.573015048656089 3.357382940550451 6.772659237780317 0.9856535884173354 0.08997738514153752 -1.5092431742305052 -1.1658652510959655e-05 -1.1658652510959655e-05 -1.1658652510959655e-05 -1.1658652510959655e-05 -1.1658652510959655e-05 
1649077005.7584727 -0.37826832241989905 -0.6352900700076134 0.6214366124695516 0.044854806386865675 -6.772682555085339 -4.109914898319403 3.820459807822772 6.656895841733785 0.988820085178304 0.08995410207717214 -1.509708835517813 -1.1658652510959655e-05 -1.1658652510959655e-05 -1.1658652510959655e-05 -1.1658652510959655e-05 -1.1658652510959655e-05 
1649077005.7745879 -0.1640408471430419 1.4059827495075297 0.6202724592512823 0.020104908966459334 -6.772682555085339 -3.2416428618089412 4.399323354213266 6.0780322953432915 0.9968760254487279 0.09018693272082601 -1.5101977798694861 -1.1658652510959655e-05 -1.1658652510959655e-05 -1.1658652510959655e-05 -1.1658652510959655e-05 -1.1658652510959655e-05 
1649077005.786762 -4.479044600855559 -2.4791457867249846 0.618991890711186 -0.013632251306262333 -5.557073764291999 -3.8204831251277938 2.9521877713050344 5.499168748960074 1.0095420124634984 0.09025678191392217 -1.5100813645476592 -1.1658652510959655e-05 -1.1658652510959655e-05 -1.1658652510959655e-05 -1.1658652510959655e-05 -1.1658652510959655e-05 
1649077005.8030365 -1.7145532358554192 -0.9374111132856342 0.6187823431318975 -0.013911648078646977 -4.167819879410672 -3.299524559828569 2.9521877713050344 2.9521877713050344 1.0169460269316914 0.09030334804265294 -1.5099649492258322 -1.1658652510959655e-05 -1.1658652510959655e-05 -1.1658652510959655e-05 -1.1658652510959655e-05 -1.1658652510959655e-05 
1649077005.8193514 -5.165452621571603 -0.5638110623913235 0.6181071342653013 -0.018894223860115744 -2.894306107518787 -0.3473251298710238 1.0419287550030276 1.6786739994204254 1.032149867969565 0.09072244320122991 -1.5096622693890822 -1.1658652510959655e-05 -1.1658652510959655e-05 -1.1658652510959655e-05 -1.1658652510959655e-05 -1.1658652510959655e-05 
1649077005.8400369 -2.3077591498949914 -0.20897716138279065 0.6179208697503782 -0.00844012795278104 -0.4052068278979277 -0.11577505470631877 0.4630884916841751 -0.3473251298710238 1.0498449968945351 0.09102512303797994 -1.5094760048741591 -1.1658652510959655e-05 -1.1658652510959655e-05 -1.1658652510959655e-05 -1.1658652510959655e-05 -1.1658652510959655e-05 
1649077005.8520515 -4.315970018004009 -0.10625228137359954 0.6167334334677435 -0.017683504513115622 0.9261653589564958 0.2315384165121941 -0.463111808989197 -2.0839157690352295 1.0591815057050553 0.09111825529544149 -1.509289740359236 -1.1658652510959655e-05 -1.1658652510959655e-05 -1.1658652510959655e-05 -1.1658652510959655e-05 -1.1658652510959655e-05 
1649077005.8730633 -1.7939252022915753 -0.1434819013084052 0.6159883754080511 -0.01793961822113488 2.0838924517302075 1.6207923013935215 -1.2156204494531266 -3.357406257855473 1.078483166063961 0.09139765206782613 -1.5089404943937552 -1.1658652510959655e-05 -1.1658652510959655e-05 -1.1658652510959655e-05 -1.1658652510959655e-05 -1.1658652510959655e-05 
1649077005.8850355 -1.6097561631177086 0.2738903106073849 0.6149872036403394 -0.020500755301327445 4.399323354213266 2.894282790213765 -2.778542711472255 -4.457228369537916 1.097738260301412 0.09142093513219152 -1.5084282669777167 -1.1658652510959655e-05 -1.1658652510959655e-05 -1.1658652510959655e-05 -1.1658652510959655e-05 -1.1658652510959655e-05 
1649077005.9036458 -2.5405199444066966 -0.7948256270756247 0.6156391294425703 -0.005390046520915348 5.267618673788093 3.415264638577355 -3.299524559828569 -6.367487385839922 1.1070980521762976 0.09151406738965306 -1.508381700848986 -1.508381700848986 -1.1658652510959655e-05 -1.1658652510959655e-05 -1.1658652510959655e-05 -1.1658652510959655e-05 
1649077005.9236295 -0.13775426746724406 -1.0556657972265384 0.6149173544472433 0.0022933647196623497 6.3674640685349 4.16779656210565 -3.936269804245967 -7.467309497529641 1.1250260117449216 0.09170033190457616 -1.508381700848986 -1.1658652510959655e-05 -1.1658652510959655e-05 -1.1658652510959655e-05 -1.1658652510959655e-05 -1.1658652510959655e-05 
1649077005.9757128 -4.405051022287807 -1.1830474423986743 0.6129848601049162 -0.0017578884799149819 9.898503761818574 5.44128705093317 -5.4991920662650955 -10.708940700678795 1.1647236364951823 0.09223584238498006 -1.508451550042082 -1.1658652510959655e-05 -1.1658652510959655e-05 -1.1658652510959655e-05 -1.1658652510959655e-05 -1.1658652510959655e-05 
1649077005.9993162 -0.16841806324373465 2.4931388741752016 0.6116810085004545 -0.01265436260291608 9.898503761818574 6.888422633834125 -6.48325078189373 -9.319663532740378 1.179391967052652 0.0928877681872109 -1.508381700848986 1.179391967052652 -1.1658652510959655e-05 -1.1658652510959655e-05 -1.1658652510959655e-05 -1.1658652510959655e-05 
1649077006.024371 -2.0699692134730867 -1.5881494793866295 0.613636785907147 0.012537913040432613 10.303698931063991 5.3255003718149965 -6.078055612648313 -10.014290475177404 1.1835829186384217 0.09263165447919164 -1.5085912484282744 -1.1658652510959655e-05 -1.1658652510959655e-05 -1.1658652510959655e-05 -1.1658652510959655e-05 -1.1658652510959655e-05 
1649077006.0483682 3.704510147254041 4.010915274375293 0.6151734681552625 0.06436601433233591 9.261758517408452 4.457205052232894 -5.151878595046583 -8.451368213158275 1.1844909581486718 0.09228240851371083 -1.5096855524534476 -1.1658652510959655e-05 -1.1658652510959655e-05 -1.1658652510959655e-05 -1.1658652510959655e-05 -1.1658652510959655e-05 
1649077006.0646734 0.8974340575223323 -3.620784282022214 0.617548340720532 0.08294589970319066 8.972326744216844 4.688755127404875 -5.441310368238192 -7.525191195549269 1.179275551730825 0.0918167472264031 -1.5113619330877555 -1.1658652510959655e-05 -1.1658652510959655e-05 -1.1658652510959655e-05 -1.1658652510959655e-05 -1.1658652510959655e-05 
1649077006.0892713 0.21388985372323077 1.7587910239162738 0.6174552084630704 0.08792847547738347 8.046149726607837 4.804541806523048 -4.920328519874602 -6.946350932230416 1.1751311662737862 0.09165376577584539 -1.5122466895336402 -1.1658652510959655e-05 -1.1658652510959655e-05 -1.1658652510959655e-05 -1.1658652510959655e-05 -1.1658652510959655e-05 
1649077006.1203196 0.018265546881593764 1.4028628188825678 0.6197835148996091 0.08546047065465245 5.672813843033509 3.125832865385746 -4.515133350629185 -5.036091915928409 1.154711918818066 0.09104840610234533 -1.5159254137033713 -1.1658652510959655e-05 -1.1658652510959655e-05 -1.1658652510959655e-05 -1.1658652510959655e-05 -1.1658652510959655e-05 
1649077006.130132 2.2198655476531712 -0.8610193790882477 0.6206217052167631 0.08506465856044088 5.209736975761189 2.836401092194137 -4.399346671518288 -3.76260142710089 1.146539563225815 0.0907457262655953 -1.5167636040205252 -1.1658652510959655e-05 -1.1658652510959655e-05 -1.1658652510959655e-05 -1.1658652510959655e-05 -1.1658652510959655e-05 
1649077006.1524727 2.920639219082659 -0.21044399443781003 0.6221583874648786 0.08227069083659444 2.6627559981134254 -0.11577505470631877 -0.9261886762615177 -1.9102473918901524 1.1285650375284604 0.09028006497828756 -1.518439984662109 -1.1658652510959655e-05 -1.1658652510959655e-05 -1.1658652510959655e-05 -1.1658652510959655e-05 -1.1658652510959655e-05 
1649077006.195586 2.6228488257838762 -0.7164315493428148 0.6272108124321676 0.11479713176231598 -1.7944839958363445 -2.4312292402537423 2.5469693189952523 1.7365789805044187 1.0845833289349684 0.08906934563128743 -1.5236321080155903 -1.1658652510959655e-05 -1.1658652510959655e-05 -1.1658652510959655e-05 -1.1658652510959655e-05 -1.1658652510959655e-05 
1649077006.2192502 2.53057804168202 -0.7271883250796236 0.625487865669129 0.08511122468917165 -3.588956333027454 -2.3733475422268384 2.0260107537033036 3.067951167358842 1.0644434782516328 0.08918576095311437 -1.5254249039717251 -1.1658652510959655e-05 -1.1658652510959655e-05 -1.1658652510959655e-05 -1.1658652510959655e-05 -1.1658652510959655e-05 
1649077006.2535903 2.0054983739901218 0.5032284946573782 0.6354064510887838 0.162573979847366 -4.80456512382807 -7.062114328284224 5.0360685986233875 6.251677389424003 1.0365270840702578 0.08844070289342199 -1.5289872128196293 -1.1658652510959655e-05 -1.1658652510959655e-05 -1.1658652510959655e-05 -1.1658652510959655e-05 -1.1658652510959655e-05 
1649077006.272008 2.0054983739901218 0.5032284946573782 0.6354064510887838 0.162573979847366 -4.80456512382807 -7.062114328284224 5.0360685986233875 6.251677389424003 1.0365270840702578 0.08844070289342199 -1.5289872128196293 -1.1658652510959655e-05 -1.1658652510959655e-05 -1.1658652510959655e-05 -1.1658652510959655e-05 -1.1658652510959655e-05 
1649077006.2833314 2.0054983739901218 0.5032284946573782 0.6354064510887838 0.162573979847366 -4.80456512382807 -7.062114328284224 5.0360685986233875 6.251677389424003 1.0365270840702578 0.08844070289342199 -1.5289872128196293 -1.1658652510959655e-05 -1.1658652510959655e-05 -1.1658652510959655e-05 -1.1658652510959655e-05 -1.1658652510959655e-05 
1649077006.2984464 2.0054983739901218 0.5032284946573782 0.6354064510887838 0.162573979847366 -4.80456512382807 -7.062114328284224 5.0360685986233875 6.251677389424003 1.0365270840702578 0.08844070289342199 -1.5289872128196293 -1.1658652510959655e-05 -1.1658652510959655e-05 -1.1658652510959655e-05 -1.1658652510959655e-05 -1.1658652510959655e-05 
1649077006.3144362 2.0054983739901218 0.5032284946573782 0.6354064510887838 0.162573979847366 -4.80456512382807 -7.062114328284224 5.0360685986233875 6.251677389424003 1.0365270840702578 0.08844070289342199 -1.5289872128196293 -1.1658652510959655e-05 -1.1658652510959655e-05 -1.1658652510959655e-05 -1.1658652510959655e-05 -1.1658652510959655e-05 
1649077006.3754756 2.0054983739901218 0.5032284946573782 0.6354064510887838 0.162573979847366 -4.80456512382807 -7.062114328284224 5.0360685986233875 6.251677389424003 1.0365270840702578 0.08844070289342199 -1.5289872128196293 -1.1658652510959655e-05 -1.1658652510959655e-05 -1.1658652510959655e-05 -1.1658652510959655e-05 -1.1658652510959655e-05 
1649077006.4149535 1.5581142921073479 -0.5220645279769087 0.6556627170939464 0.16213160162442364 -12.850726509088418 -9.609095305931987 7.988268028580933 13.718975228293857 0.9396229701596894 0.08632194403617177 -1.556158548941312 -1.1658652510959655e-05 -1.1658652510959655e-05 -1.1658652510959655e-05 -1.1658652510959655e-05 -1.1658652510959655e-05 
1649077006.4476101 0.08799832467047963 0.009860360638413113 0.6515881808300037 0.03430757822934538 -8.68291828832298 -5.904387235510512 6.483227464588708 8.451344895853254 0.9669805707962951 0.08648492548672948 -1.55995368843287 -1.1658652510959655e-05 -1.1658652510959655e-05 -1.1658652510959655e-05 -1.1658652510959655e-05 -1.1658652510959655e-05 
1649077006.4972184 -7.577438391999749 -0.4239264116549748 0.6589689122338314 0.13773095016222214 -2.1417974670548574 -1.9681290899170563 2.604851017022156 1.6786739994204254 1.0107061656817677 0.0873463988682488 -1.5632831666371203 -1.1658652510959655e-05 -1.1658652510959655e-05 -1.1658652510959655e-05 -1.1658652510959655e-05 -1.1658652510959655e-05 
1649077006.529259 -9.10171076716506 -0.4860689104607445 0.6681890057225246 0.22960592216986697 0.6367335857576109 0.4051835105929058 -0.057893356679414865 0.9261653589564958 1.0417192074237391 0.08797504160611425 -1.5693600464364863 -1.1658652510959655e-05 -1.1658652510959655e-05 -1.1658652510959655e-05 -1.1658652510959655e-05 -1.1658652510959655e-05 
1649077006.5965285 -1.1780415835601161 0.13230599616508698 0.6742193194004358 0.12236412768106675 7.062091010979202 4.572991731351067 -3.531051351936185 -6.599014177947538 1.1099385860288749 0.08813802305667195 -1.5824684116814751 -1.1658652510959655e-05 -1.1658652510959655e-05 -1.1658652510959655e-05 -1.1658652510959655e-05 -1.1658652510959655e-05 
1649077006.6048667 0.9276321920115151 -1.2463773774870788 0.6750575097175897 0.10622896406857762 7.64095455736242 5.209736975761189 -4.573015048656089 -7.409427799502737 1.1175521480836323 0.08818458918540273 -1.5835161495779175 -1.1658652510959655e-05 -1.1658652510959655e-05 -1.1658652510959655e-05 -1.1658652510959655e-05 -1.1658652510959655e-05 
1649077006.6205647 -3.181945084761537 0.8572707714774879 0.6741261871429742 0.0810832545539597 9.145995121354645 5.0360685986233875 -4.80456512382807 -9.088113457568397 1.1301948520340375 0.0884174198290566 -1.5852623794053216 -1.1658652510959655e-05 -1.1658652510959655e-05 -1.1658652510959655e-05 -1.1658652510959655e-05 -1.1658652510959655e-05 
1649077006.6370134 -0.8364091800467577 -1.265888585425273 0.6754998879405321 0.08641507629363332 7.756717953416228 4.688755127404875 -4.688778444709897 -8.68291828832298 1.135526673773711 0.08848726902215276 -1.5861471358512063 -1.1658652510959655e-05 -1.1658652510959655e-05 -1.1658652510959655e-05 -1.1658652510959655e-05 -1.1658652510959655e-05 
1649077006.6531832 1.3917800802373677 -1.3415585446346086 0.678200723406917 0.08192144487111364 8.567131574971427 5.962245616232394 -4.573015048656089 -8.277723119077564 1.1448166164627764 0.08888308111636434 -1.5878467995498795 -1.1658652510959655e-05 -1.1658652510959655e-05 -1.1658652510959655e-05 -1.1658652510959655e-05 -1.1658652510959655e-05 
1649077006.673971 0.934663677449862 -0.8305185647623148 0.674172753271705 0.04397004994098097 8.39346319782635 5.209736975761189 -5.846505537483608 -8.972350061521865 1.1493335309496615 0.08892964724509511 -1.5888479713175911 -1.1658652510959655e-05 -1.1658652510959655e-05 -1.1658652510959655e-05 -1.1658652510959655e-05 -1.1658652510959655e-05 
1649077006.6860445 -1.1872151109200786 -0.8638831960051903 0.6739864887567819 0.004761369542393368 7.930386330554029 3.762578109795868 -4.9782102179015055 -8.219841421057936 1.1501717212668154 0.08883651498763356 -1.588894537446322 -1.1658652510959655e-05 -1.1658652510959655e-05 -1.1658652510959655e-05 -1.1658652510959655e-05 -1.1658652510959655e-05 
1649077006.7024527 2.420542279462097 1.4189514163590502 0.6714719177980442 -0.06597258001420414 7.583072859335516 3.18371456341265 -5.093996897019679 -7.23575942235766 1.1504511180392 0.08848726902215276 -1.5878467995498795 -1.1658652510959655e-05 -1.1658652510959655e-05 -1.1658652510959655e-05 -1.1658652510959655e-05 -1.1658652510959655e-05 
1649077006.7399979 0.9123817848449107 -0.32664976870728424 0.6684684024949092 -0.07789350896928227 6.251677389424003 3.2416195445039193 -4.688778444709897 -7.177877724330756 1.143349783407757 0.08776549402682576 -1.5858211729500908 -1.1658652510959655e-05 -1.1658652510959655e-05 -1.1658652510959655e-05 -1.1658652510959655e-05 -1.1658652510959655e-05 
1649077006.7915452 1.8874765206928714 -1.0726391511489055 0.6621819751162548 -0.09877841771231033 4.16779656210565 1.6786739994204254 -4.28358327546448 -3.357406257855473 1.1200201529063634 0.08660134080855642 -1.5812111262057442 -1.1658652510959655e-05 -1.1658652510959655e-05 -1.1658652510959655e-05 -1.1658652510959655e-05 -1.1658652510959655e-05 
1649077006.8084495 3.4065567725047003 -0.2676504835981177 0.6609014065761585 -0.08175849766121246 3.2416195445039193 0.810401962902688 -2.894306107518787 -2.4312292402537423 1.1014169844711432 0.08594941500632558 -1.579511462499795 -1.1658652510959655e-05 -1.1658652510959655e-05 -1.1658652510959655e-05 -1.1658652510959655e-05 -1.1658652510959655e-05 
1649077006.823673 1.8335529436153593 -0.13316750378726283 0.6597838194866199 -0.061409099398588296 0.11575173740129685 -2.894306107518787 1.3892655092859059 0.578851887730707 1.0827905329788337 0.08543718759028707 -1.5782076108953333 -1.1658652510959655e-05 -1.1658652510959655e-05 -1.1658652510959655e-05 -1.1658652510959655e-05 -1.1658652510959655e-05 
1649077006.840905 5.812535512326576 0.15205003475421108 0.6594811396498699 -0.045716314009041525 -0.7525202991164406 -3.646838031054358 2.0260107537033036 0.9840470569761237 1.0731746273886529 0.08525092307536397 -1.5777419496080256 -1.1658652510959655e-05 -1.1658652510959655e-05 -1.1658652510959655e-05 -1.1658652510959655e-05 -1.1658652510959655e-05 
1649077006.8725307 1.2673088181109051 0.841997081253794 0.6585731001396198 -0.009115336819377262 -4.7466601427368005 -5.036091915928409 4.052009882987477 5.0360685986233875 1.0353862139163539 0.08494824323861394 -1.5767873439690447 -1.1658652510959655e-05 -1.1658652510959655e-05 -1.1658652510959655e-05 -1.1658652510959655e-05 -1.1658652510959655e-05 
1649077006.9223518 2.297956945549231 0.09225912544934545 0.6631132976908702 0.11018708501796937 -8.335604817104468 -5.904387235510512 6.193795691397099 8.451344895853254 0.9914743545159581 0.08401692066399846 -1.580419502010045 -1.1658652510959655e-05 -1.1658652510959655e-05 -1.1658652510959655e-05 -1.1658652510959655e-05 -1.1658652510959655e-05 
1649077006.9389818 0.5774781869331491 -0.22236492339288816 0.6640679033298511 0.1016422003885964 -8.798704967441154 -6.309582404755929 5.90436391820549 9.551190290600061 0.9851180779369315 0.0839470714709023 -1.5814206737850327 -1.1658652510959655e-05 -1.1658652510959655e-05 -1.1658652510959655e-05 -1.1658652510959655e-05 -1.1658652510959655e-05 
1649077006.9547765 6.701645891451335 0.36085255603393307 0.6672809662122745 0.10587971810309682 -8.509273194249545 -7.409427799502737 5.846482220178586 9.435426894546254 0.974920095744892 0.08338827792613301 -1.5834928665135521 -1.1658652510959655e-05 -1.1658652510959655e-05 -1.1658652510959655e-05 -1.1658652510959655e-05 -1.1658652510959655e-05 
1649077006.9710793 -0.8271192373576923 2.0935083573131124 0.6691668944258709 0.1378240824196837 -8.509273194249545 -7.00423263025732 4.978186900596484 9.261758517408452 0.9709386917384109 0.08310888115374837 -1.5848898503754754 -1.1658652510959655e-05 -1.1658652510959655e-05 -1.1658652510959655e-05 -1.1658652510959655e-05 -1.1658652510959655e-05 
1649077006.982934 3.614195140558877 -2.2252206866978668 0.6707734258670826 0.14581017350428738 -9.20390013668657 -6.251700706729025 5.3833820698419 10.18793553501746 0.9647686796815833 0.08255008760897908 -1.5878235164855141 -1.1658652510959655e-05 -1.1658652510959655e-05 -1.1658652510959655e-05 -1.1658652510959655e-05 -1.1658652510959655e-05 
1649077007.036687 -0.7578754039204796 -2.845621219923487 0.6698188202281017 0.03714811208192259 -7.293664403448929 -4.225701577437576 4.457205052232894 7.756717953416228 0.9595532732637366 0.08248023841588292 -1.5918282035563607 -1.1658652510959655e-05 -1.1658652510959655e-05 -1.1658652510959655e-05 -1.1658652510959655e-05 -1.1658652510959655e-05 
1649077007.0527947 -0.17097920032392722 0.6665591912169475 0.6717280315060634 0.046158657991327345 -7.814622968748154 -3.646838031054358 4.746636825431779 7.235736105052638 0.9676092135341605 0.08271306905953679 -1.59268967693788 -1.1658652510959655e-05 -1.1658652510959655e-05 -1.1658652510959655e-05 -1.1658652510959655e-05 -1.1658652510959655e-05 
1649077007.0685253 3.055727558567014 -1.6834237787916209 0.6728223355312366 0.05782347324566217 -6.48325078189373 -3.704719729073986 4.457205052232894 6.714777539760689 0.9732669981749495 0.08278291825263295 -1.5932717535470147 -1.1658652510959655e-05 -1.1658652510959655e-05 -1.1658652510959655e-05 -1.1658652510959655e-05 -1.1658652510959655e-05 
1649077007.085311 -0.19917499127768679 -0.4577799872495234 0.6743590177866281 0.09724170122353826 -5.093996897019679 -2.7206610134453513 3.820459807822772 4.862423504542676 0.9873066859945538 0.08299246583192144 -1.5949947003100533 -1.1658652510959655e-05 -1.1658652510959655e-05 -1.1658652510959655e-05 -1.1658652510959655e-05 -1.1658652510959655e-05 
1649077007.1334898 -5.226756930060219 0.16157280807965435 0.6850925104590715 0.21423909968871158 -0.17368003579758806 0.11575173740129685 1.5629106033666176 -0.11577505470631877 1.0234420018969104 0.08462228033749852 -1.6031204897735734 -1.6031204897735734 -1.1658652510959655e-05 -1.1658652510959655e-05 -1.1658652510959655e-05 -1.1658652510959655e-05 
1649077007.1663425 -1.3010460126315593 -0.07873169929371215 0.6901682184907258 0.22273741818207782 2.2575375458036433 2.5469693189952523 -1.0419520723080495 -2.1417974670548574 1.05284851219767 0.08492496017424855 -1.6101054090831894 -1.1658652510959655e-05 -1.1658652510959655e-05 -1.1658652510959655e-05 -1.1658652510959655e-05 -1.1658652510959655e-05 
1649077007.2091794 -1.5732017520567751 -0.24636976276087807 0.6968970240923227 0.15316762184374966 6.251677389424003 4.457205052232894 -2.894306107518787 -8.856586665468058 1.0998570191586623 0.08655477467982564 -1.6177655372666777 -1.1658652510959655e-05 -1.1658652510959655e-05 -1.1658652510959655e-05 -1.1658652510959655e-05 -1.1658652510959655e-05 
1649077007.2417977 -0.4843692467547953 0.5453242750372738 0.6980378942462266 0.1573585734295193 7.756717953416228 5.3833820698419 -3.936269804245967 -8.219841421057936 1.123489329496806 0.08695058677403722 -1.622771396105236 -1.1658652510959655e-05 -1.1658652510959655e-05 -1.1658652510959655e-05 -1.1658652510959655e-05 -1.1658652510959655e-05 
1649077007.26048 -0.4843692467547953 0.5453242750372738 0.6980378942462266 0.1573585734295193 7.756717953416228 5.3833820698419 -3.936269804245967 -8.219841421057936 1.123489329496806 0.08695058677403722 -1.622771396105236 -1.1658652510959655e-05 -1.1658652510959655e-05 -1.1658652510959655e-05 -1.1658652510959655e-05 -1.1658652510959655e-05 
1649077007.2977517 -0.4843692467547953 0.5453242750372738 0.6980378942462266 0.1573585734295193 7.756717953416228 5.3833820698419 -3.936269804245967 -8.219841421057936 1.123489329496806 0.08695058677403722 -1.622771396105236 -1.1658652510959655e-05 -1.1658652510959655e-05 -1.1658652510959655e-05 -1.1658652510959655e-05 -1.1658652510959655e-05 
1649077007.330216 -0.4843692467547953 0.5453242750372738 0.6980378942462266 0.1573585734295193 7.756717953416228 5.3833820698419 -3.936269804245967 -8.219841421057936 1.123489329496806 0.08695058677403722 -1.622771396105236 -1.1658652510959655e-05 -1.1658652510959655e-05 -1.1658652510959655e-05 -1.1658652510959655e-05 -1.1658652510959655e-05 
1649077007.3620675 -0.4843692467547953 0.5453242750372738 0.6980378942462266 0.1573585734295193 7.756717953416228 5.3833820698419 -3.936269804245967 -8.219841421057936 1.123489329496806 0.08695058677403722 -1.622771396105236 -1.1658652510959655e-05 -1.1658652510959655e-05 -1.1658652510959655e-05 -1.1658652510959655e-05 -1.1658652510959655e-05 
1649077007.378083 -0.4843692467547953 0.5453242750372738 0.6980378942462266 0.1573585734295193 7.756717953416228 5.3833820698419 -3.936269804245967 -8.219841421057936 1.123489329496806 0.08695058677403722 -1.622771396105236 -1.1658652510959655e-05 -1.1658652510959655e-05 -1.1658652510959655e-05 -1.1658652510959655e-05 -1.1658652510959655e-05 
1649077007.405218 -2.2576539953661268 -3.4222495921276277 0.6994581611725152 0.07638007554487558 9.261758517408452 5.614932145006605 -6.0201739146214095 -10.708940700678795 1.1922209355179803 0.08855711821524892 -1.6298261646079482 -1.1658652510959655e-05 -1.1658652510959655e-05 -1.1658652510959655e-05 -1.1658652510959655e-05 -1.1658652510959655e-05 
1649077007.4434373 6.591470430852496 0.053050445050757844 0.6990856321426691 0.026763865374960005 5.846482220178586 -0.057893356679414865 -1.1577387514262227 -6.251700706729025 1.1617201211920474 0.08865025047271047 -1.630478090410179 -1.1658652510959655e-05 -1.1658652510959655e-05 -1.1658652510959655e-05 -1.1658652510959655e-05 -1.1658652510959655e-05 
1649077007.4598832 2.4488312026733183 0.3073480741077219 0.7008784280988039 0.04543688299600035 4.515110033324163 -4.573015048656089 0.4630884916841751 -5.672837160338531 1.1412077414788655 0.08816130612103734 -1.6312464315342368 -1.1658652510959655e-05 -1.1658652510959655e-05 -1.1658652510959655e-05 -1.1658652510959655e-05 -1.1658652510959655e-05 
1649077007.4765208 7.046537923975848 -0.34350670731510036 0.7065362127468688 0.1425738275574986 2.0260107537033036 -5.7886238394567044 2.1417741497498355 -2.0839157690352295 1.120602229515498 0.08748609725444112 -1.6337610024856986 -1.1658652510959655e-05 -1.1658652510959655e-05 -1.1658652510959655e-05 -1.1658652510959655e-05 -1.1658652510959655e-05 
1649077007.4929183 5.417398626887007 0.07952328924147878 0.7093068974063499 0.20152654653793434 0.8682836609295919 -7.583096176640538 3.2995012425235473 -0.5209935070161009 1.1103343981230864 0.08704371903149877 -1.6357633460211218 -1.1658652510959655e-05 -1.1658652510959655e-05 -1.1658652510959655e-05 -1.1658652510959655e-05 -1.1658652510959655e-05 
1649077007.503288 4.764331954349473 -0.5243928344134474 0.7209018634603126 0.34241236904927064 -0.8683069782346138 -8.740799986349884 3.646814713749336 2.0838924517302075 1.0901712643826613 0.0857398674270371 -1.642026490335411 -1.1658652510959655e-05 -1.1658652510959655e-05 -1.1658652510959655e-05 -1.1658652510959655e-05 -1.1658652510959655e-05 
1649077007.5252037 3.549375089351088 -0.676850339914381 0.7280963303492172 0.4185712726030033 -2.6627793154184474 -8.046173043912859 4.515110033324163 5.151855277741561 1.0712421330463258 0.08443601582257543 -1.6500591475487454 -1.1658652510959655e-05 -1.1658652510959655e-05 -1.1658652510959655e-05 -1.1658652510959655e-05 -1.1658652510959655e-05 
1649077007.5360386 2.951256448730419 -0.6771995858798618 0.7310765625879867 0.42755853545531863 -3.994151502272871 -8.104054741939763 5.151855277741561 5.672813843033509 1.0624411347162095 0.0839470714709023 -1.6543199483276112 -1.1658652510959655e-05 -1.1658652510959655e-05 -1.1658652510959655e-05 -1.1658652510959655e-05 -1.1658652510959655e-05 
1649077007.5747318 2.5757006204294157 -0.3293506041809451 0.7363851012705709 0.2996646628671442 -6.425369083866826 -5.036091915928409 5.962245616232394 7.293641086143907 1.0384362953482196 0.0834115609904984 -1.66477404422767 -1.1658652510959655e-05 -1.1658652510959655e-05 -1.1658652510959655e-05 -1.1658652510959655e-05 -1.1658652510959655e-05 
1649077007.5851288 0.4805740730225807 1.9947881643820438 0.7365946488498594 0.19198049014812568 -7.698859572694346 -6.367487385839922 5.730718824124779 9.261758517408452 1.0253744962392375 0.08317873034684453 -1.6691512603283627 -1.1658652510959655e-05 -1.1658652510959655e-05 -1.1658652510959655e-05 -1.1658652510959655e-05 -1.1658652510959655e-05 
1649077007.6083095 0.19649740463501075 -0.059662869571184274 0.7368274794935132 0.09922076169459615 -8.335604817104468 -4.920328519874602 5.962245616232394 8.046149726607837 1.0171090083822492 0.0832252964755753 -1.6716192651510937 -1.1658652510959655e-05 -1.1658652510959655e-05 -1.1658652510959655e-05 -1.1658652510959655e-05 -1.1658652510959655e-05 
1649077007.6404765 0.06674088689760538 0.5885609255783493 0.7346155883715255 0.015378446893009823 -8.277723119077564 -4.052033200292499 4.92030520256958 8.046149726607837 1.0088900866612676 0.08362110856978688 -1.6728299844980938 -1.1658652510959655e-05 -1.1658652510959655e-05 -1.1658652510959655e-05 -1.1658652510959655e-05 -1.1658652510959655e-05 
1649077007.672869 0.8919625373964664 -1.8982798968063435 0.7378053681968595 0.04343453946057707 -7.00423263025732 -4.167819879410672 4.225678260132554 7.64095455736242 1.0106828826174024 0.08362110856978688 -1.6736681748152478 -1.1658652510959655e-05 -1.1658652510959655e-05 -1.1658652510959655e-05 -1.1658652510959655e-05 -1.1658652510959655e-05 
1649077007.691684 -1.2793927627644734 -0.42436878987791715 0.7389462383507635 0.09286448512284551 -6.425369083866826 -3.125856182690768 4.16779656210565 6.425345766561804 1.0187155398307368 0.08364439163415227 -1.6752281401350047 -1.1658652510959655e-05 -1.1658652510959655e-05 -1.1658652510959655e-05 -1.1658652510959655e-05 -1.1658652510959655e-05 
1649077007.699585 -0.23661415879178094 1.1207652109660557 0.7413211109160329 0.10231740925519262 -5.904387235510512 -3.2416428618089412 3.994128184967849 6.309559087450907 1.0300078260479495 0.08373752389161382 -1.677300332863524 -1.1658652510959655e-05 -1.1658652510959655e-05 -1.1658652510959655e-05 -1.1658652510959655e-05 -1.1658652510959655e-05 
1649077007.722003 0.6416463123459835 0.9123119356518146 0.7410417141436483 0.09551875446049962 -4.630896746682993 -3.067974484663864 3.994128184967849 4.109891581014381 1.0370393114862964 0.08385393921344075 -1.6782782215668703 -1.1658652510959655e-05 -1.1658652510959655e-05 -1.1658652510959655e-05 -1.1658652510959655e-05 -1.1658652510959655e-05 
1649077007.7322056 -2.3550470536283683 -1.7785350967460545 0.7415306584953214 0.084831827916787 -2.1417974670548574 -1.7366022978094406 1.1577154341212008 1.8523423765582265 1.0529882105838624 0.08385393921344075 -1.6800477344586398 -1.1658652510959655e-05 -1.1658652510959655e-05 -1.1658652510959655e-05 -1.1658652510959655e-05 -1.1658652510959655e-05 
1649077007.7545843 -4.483445100020617 0.712682941739331 0.7470720278142835 0.13230599616508698 -0.463111808989197 0.4051835105929058 1.3892655092859059 -2.257560863108665 1.0695890354763833 0.08450586501567159 -1.682352757830813 -1.1658652510959655e-05 -1.1658652510959655e-05 -1.1658652510959655e-05 -1.1658652510959655e-05 -1.1658652510959655e-05 
1649077007.765024 -3.4762197353411466 0.12213129703741288 0.7493537681220914 0.16294650887721218 0.7524969818114187 0.4051835105929058 0.4051835105929058 -1.6786973167254473 1.078715996707615 0.08476197872369085 -1.6839825723363901 -1.1658652510959655e-05 -1.1658652510959655e-05 -1.1658652510959655e-05 -1.1658652510959655e-05 -1.1658652510959655e-05 
1649077007.7813554 -3.3783144496628665 -0.654102786022122 0.7504480721472646 0.20948935455817264 2.6627559981134254 1.7365789805044187 -0.8104252802077099 -2.894306107518787 1.0972260328853736 0.08490167710988317 -1.688010542471602 -1.1658652510959655e-05 -1.1658652510959655e-05 -1.1658652510959655e-05 -1.1658652510959655e-05 -1.1658652510959655e-05 
1649077007.797717 -1.6873586166693713 0.16965203141444363 0.7523107172964956 0.17051350479596294 4.052009882987477 2.7206376961403294 -1.6786973167254473 -3.994151502272871 1.1167605238952092 0.0852043569466332 -1.691735832770064 -1.1658652510959655e-05 -1.1658652510959655e-05 -1.1658652510959655e-05 -1.1658652510959655e-05 -1.1658652510959655e-05 
1649077007.8208668 -0.8732662709444412 0.35577684799500275 0.7515889423011686 0.13526294533949113 4.804541806523048 3.415264638577355 -2.9522110886100563 -5.441310368238192 1.1263065802850178 0.08532077226846013 -1.6931095335676218 -1.1658652510959655e-05 -1.1658652510959655e-05 -1.1658652510959655e-05 -1.1658652510959655e-05 -1.1658652510959655e-05 
1649077007.8366907 -3.6826241009912337 -0.8536153646127786 0.7503316568254377 0.06329499337152811 6.3674640685349 3.704696411768964 -3.415287955882377 -8.335604817104468 1.1441646906605456 0.08562345210521016 -1.6946462158157374 -1.1658652510959655e-05 -1.1658652510959655e-05 -1.1658652510959655e-05 -1.1658652510959655e-05 -1.1658652510959655e-05 
1649077007.8696833 -0.8806702854126343 -0.289629696359043 0.7500988261817838 0.017799885594286025 8.91444504618994 5.093973579714657 -5.093996897019679 -9.319663532740378 1.1688913050165866 0.08580971662013326 -1.6953679908110644 -1.1658652510959655e-05 -1.1658652510959655e-05 -1.1658652510959655e-05 -1.1658652510959655e-05 -1.1658652510959655e-05 
1649077007.8959568 0.6731017323108972 -0.010861566646781284 0.7549649866341497 0.07542546990589472 9.551190290600061 5.499168748960074 -5.036091915928409 -8.277723119077564 1.187215076679422 0.08597269807069097 -1.6973703343464877 -1.1658652510959655e-05 -1.1658652510959655e-05 -1.1658652510959655e-05 -1.1658652510959655e-05 -1.1658652510959655e-05 
1649077007.9122145 -1.2635602789887344 -1.7920625571423443 0.7560127245305921 0.12350499783497071 10.072172138963651 5.90436391820549 -5.846505537483608 -10.130077154295577 1.1966680008117692 0.08583299968449865 -1.699558942396834 -1.1658652510959655e-05 -1.1658652510959655e-05 -1.1658652510959655e-05 -1.1658652510959655e-05 -1.1658652510959655e-05 
1649077007.9285607 1.0427203791914508 -0.08217759281978942 0.7598544301508809 0.12362141315679764 8.91444504618994 5.962245616232394 -4.457228369537916 -8.451368213158275 1.200323441917135 0.08613567952124868 -1.7020967964126612 -1.1658652510959655e-05 -1.1658652510959655e-05 -1.1658652510959655e-05 -1.1658652510959655e-05 -1.1658652510959655e-05 
1649077007.9495473 1.6357167456517345 4.129682185732236 0.7593422027348424 0.11693917368393159 8.798681650136132 4.978186900596484 -3.8204831251277938 -7.872527949839423 1.2008589523975388 0.08615896258561406 -1.7032609496309306 -1.1658652510959655e-05 -1.1658652510959655e-05 -1.1658652510959655e-05 -1.1658652510959655e-05 -1.1658652510959655e-05 
1649077007.977764 4.530872667906806 -2.0004459832634893 0.7605529220818426 0.06618209335283609 7.177854407025734 4.399323354213266 -4.167819879410672 -7.00423263025732 1.1979485693518654 0.08606583032815251 -1.7073354859021492 -1.1658652510959655e-05 -1.1658652510959655e-05 -1.1658652510959655e-05 -1.1658652510959655e-05 -1.1658652510959655e-05 
1649077008.010336 1.853879058806342 -1.093850022793049 0.7584574462889577 -0.005320197327819187 5.90436391820549 3.0100694693319383 -4.515133350629185 -6.48325078189373 1.1839554476682679 0.08583299968449865 -1.7077545810607262 -1.1658652510959655e-05 -1.1658652510959655e-05 -1.1658652510959655e-05 -1.1658652510959655e-05 -1.1658652510959655e-05 
1649077008.0313802 1.9752303903078428 0.5234149114694446 0.7550115527628805 -0.06112970262620365 5.209736975761189 2.4890876209756243 -3.76260142710089 -5.441310368238192 1.1685420590511058 0.085553602912114 -1.7068698246148415 -1.1658652510959655e-05 -1.1658652510959655e-05 -1.1658652510959655e-05 -1.1658652510959655e-05 -1.1658652510959655e-05 
1649077008.0477378 2.302404010850296 0.5286768840160221 0.7532886059998418 -0.06099000424001133 2.7785193941672333 1.2155971321481047 -2.4312292402537423 -3.415287955882377 1.1600204574933741 0.08548375371901784 -1.7062644649413414 -1.1658652510959655e-05 -1.1658652510959655e-05 -1.1658652510959655e-05 -1.1658652510959655e-05 -1.1658652510959655e-05 
1649077008.0643044 6.373564231405908 0.12390080992918229 0.7531489076136495 -0.08392382264719345 2.604851017022156 -1.0419520723080495 -0.5209935070161009 -2.0260340710083256 1.1413241568006924 0.08518107388226781 -1.7047743488146807 -1.1658652510959655e-05 -1.1658652510959655e-05 -1.1658652510959655e-05 -1.1658652510959655e-05 -1.1658652510959655e-05 
1649077008.080777 4.287331814586651 0.42555619191989535 0.7549882696985151 -0.008789373918261845 0.810401962902688 -4.109914898319403 1.6207923013935215 0.289420114539098 1.1221156286992482 0.08457571420876775 -1.7041457060768153 -1.1658652510959655e-05 -1.1658652510959655e-05 -1.1658652510959655e-05 -1.1658652510959655e-05 -1.1658652510959655e-05 
1649077008.096791 4.642561527689395 -0.9962241338871536 0.7570371793626691 0.05137406441644998 -0.5209935070161009 -4.28358327546448 2.3154425268949126 1.5050289053397137 1.1122668924726895 0.08424975130765233 -1.7046579334928538 -1.1658652510959655e-05 -1.1658652510959655e-05 -1.1658652510959655e-05 -1.1658652510959655e-05 -1.1658652510959655e-05 
1649077008.1084476 2.738006862156908 -0.9109149860305479 0.7623457180379773 0.1591746524500195 -2.3733475422268384 -3.473169653909281 2.9521877713050344 3.18371456341265 1.0922434571111808 0.08378409002034459 -1.7072889197734185 -1.1658652510959655e-05 -1.1658652510959655e-05 -1.1658652510959655e-05 -1.1658652510959655e-05 -1.1658652510959655e-05 
1649077008.1651046 4.084745871499763 0.3944733009848278 0.7649767043112661 0.11023365114670014 -6.888445951139147 -6.367487385839922 4.92030520256958 7.177854407025734 1.0460265743313357 0.08345812711922918 -1.7151353124645539 -1.1658652510959655e-05 -1.1658652510959655e-05 -1.1658652510959655e-05 -1.1658652510959655e-05 -1.1658652510959655e-05 
1649077008.197146 3.3709336840183823 -0.11398225875018397 0.7675145583343692 0.09391222301928792 -8.161936439966667 -7.583096176640538 6.0780322953432915 9.088090140263375 1.025164948659949 0.08278291825263295 -1.718208676960785 -1.1658652510959655e-05 -1.1658652510959655e-05 -1.1658652510959655e-05 -1.1658652510959655e-05 -1.1658652510959655e-05 
1649077008.2461548 2.3567001169576542 -0.3954279408644652 0.7661641405939008 0.03256134840194136 -9.319663532740378 -5.151878595046583 5.3833820698419 8.567131574971427 1.0074931027993443 0.08248023841588292 -1.7210724938777275 -1.1658652510959655e-05 -1.1658652510959655e-05 -1.1658652510959655e-05 -1.1658652510959655e-05 -1.1658652510959655e-05 
1649077008.3121603 2.3567001169576542 -0.3954279408644652 0.7661641405939008 0.03256134840194136 -9.319663532740378 -5.151878595046583 5.3833820698419 8.567131574971427 1.0074931027993443 0.08248023841588292 -1.7210724938777275 -1.1658652510959655e-05 -1.1658652510959655e-05 -1.1658652510959655e-05 -1.1658652510959655e-05 -1.1658652510959655e-05 
1649077008.3374214 2.3567001169576542 -0.3954279408644652 0.7661641405939008 0.03256134840194136 -9.319663532740378 -5.151878595046583 5.3833820698419 8.567131574971427 1.0074931027993443 0.08248023841588292 -1.7210724938777275 -1.1658652510959655e-05 -1.1658652510959655e-05 -1.1658652510959655e-05 -1.1658652510959655e-05 -1.1658652510959655e-05 
1649077008.354211 2.3567001169576542 -0.3954279408644652 0.7661641405939008 0.03256134840194136 -9.319663532740378 -5.151878595046583 5.3833820698419 8.567131574971427 1.0074931027993443 0.08248023841588292 -1.7210724938777275 -1.1658652510959655e-05 -1.1658652510959655e-05 -1.1658652510959655e-05 -1.1658652510959655e-05 -1.1658652510959655e-05 
1649077008.3867042 0.8500763045885833 -0.12117672563908854 0.7622525857805158 -0.01211885212251218 -9.551213607905083 -5.4991920662650955 4.978186900596484 8.972326744216844 0.9672134014399489 0.08245695535151754 -1.7217942688730545 -1.1658652510959655e-05 -1.1658652510959655e-05 -1.1658652510959655e-05 -1.1658652510959655e-05 -1.1658652510959655e-05 
1649077008.4028242 0.791868643660564 -0.38006111837603385 0.7609254511116887 -0.024109630277962424 -2.778542711472255 0.6946152837845148 1.7365789805044187 -0.6946386010895367 0.9897514077529195 0.08317873034684453 -1.7212587583926506 -1.1658652510959655e-05 -1.1658652510959655e-05 -1.1658652510959655e-05 -1.1658652510959655e-05 -1.1658652510959655e-05 
1649077008.4191487 -9.74083088414045 -0.2587796360676293 0.7625086994885351 0.015587994472298305 0.578851887730707 -1.0419520723080495 2.1417741497498355 -4.109914898319403 1.0002055036529782 0.08371424082724843 -1.7214217398432083 -1.1658652510959655e-05 -1.1658652510959655e-05 -1.1658652510959655e-05 -1.1658652510959655e-05 -1.1658652510959655e-05 
1649077008.435616 -2.3995177065808093 -2.4130684500414645 0.7695169018697925 0.1340755090568564 5.846482220178586 0.289420114539098 1.5629106033666176 -10.593154021560622 1.0191812011180446 0.08478526178805623 -1.7232843849924393 -1.1658652510959655e-05 -1.1658652510959655e-05 -1.1658652510959655e-05 -1.1658652510959655e-05 -1.1658652510959655e-05 
1649077008.4518344 -7.604050934576662 0.32443784335191594 0.7854658009600826 0.3959401340398472 3.531028034631163 1.7944606785313226 1.099833736094297 -10.708940700678795 1.0385992767987773 0.08713685128896032 -1.7298734922078438 -1.1658652510959655e-05 -1.1658652510959655e-05 -1.1658652510959655e-05 -1.1658652510959655e-05 -1.1658652510959655e-05 
1649077008.4933455 -2.9451796031717095 0.9322189556914964 0.8085626008178224 0.6800168024274171 6.3674640685349 3.588933015722432 -0.8104252802077099 -7.583096176640538 1.0646530258309213 0.0903731972357491 -1.7484068114499678 -1.1658652510959655e-05 -1.1658652510959655e-05 -1.1658652510959655e-05 -1.1658652510959655e-05 -1.1658652510959655e-05 
1649077008.5009658 -1.7202110204962082 2.164358722191537 0.8106580766107072 0.5586189047971857 7.525167878244247 4.399323354213266 -2.257560863108665 -5.151878595046583 1.079135091866192 0.09041976336447988 -1.7604208726625075 -1.1658652510959655e-05 -1.1658652510959655e-05 -1.1658652510959655e-05 -1.1658652510959655e-05 -1.1658652510959655e-05 
1649077008.5240767 -2.400053217061213 0.3996421412739437 0.8114729838634958 0.4442059264765703 7.062091010979202 4.109891581014381 -2.257560863108665 -4.341464973491384 1.0853749531233916 0.09028006497828756 -1.7648679379562964 -1.1658652510959655e-05 -1.1658652510959655e-05 -1.1658652510959655e-05 -1.1658652510959655e-05 -1.1658652510959655e-05 
1649077008.5388393 0.1769629136324511 0.17472773945337394 0.8158967660929193 0.2735643477062695 6.888422633834125 5.209736975761189 -3.183737880717672 -6.541132479920634 1.0946183296764502 0.09051289562194142 -1.7710146669560345 -1.1658652510959655e-05 -1.1658652510959655e-05 -1.1658652510959655e-05 -1.1658652510959655e-05 -1.1658652510959655e-05 
1649077008.5543053 -2.969277574797161 -0.15917468669067603 0.8161528798009385 0.22660240686673205 7.293641086143907 4.457205052232894 -2.9522110886100563 -6.48325078189373 1.0974588635290274 0.09060602787940297 -1.773273124199477 -1.1658652510959655e-05 -1.1658652510959655e-05 -1.1658652510959655e-05 -1.1658652510959655e-05 -1.1658652510959655e-05 
1649077008.571095 1.1254451069034985 -0.8145696656647488 0.8179922418858041 0.17209675317280926 5.614932145006605 3.704696411768964 -2.3733475422268384 -5.962268933537416 1.101882645758451 0.09088542465178762 -1.7770449806266697 -1.1658652510959655e-05 -1.1658652510959655e-05 -1.1658652510959655e-05 -1.1658652510959655e-05 -1.1658652510959655e-05 
1649077008.587032 1.8390244637412252 0.5903071554057533 0.8185044693018426 0.11582158659439301 5.90436391820549 3.2995012425235473 -3.183737880717672 -5.325523689120018 1.1010211723769316 0.09097855690924916 -1.7794897023850353 -1.1658652510959655e-05 -1.1658652510959655e-05 -1.1658652510959655e-05 -1.1658652510959655e-05 -1.1658652510959655e-05 
1649077008.59912 1.0966206732118735 -0.6499118344363524 0.8199480192924966 0.1052045092365006 5.44128705093317 3.473146336604259 -3.299524559828569 -4.7466601427368005 1.0988092812622199 0.090908707716153 -1.7805374402814778 -1.1658652510959655e-05 -1.1658652510959655e-05 -1.1658652510959655e-05 -1.1658652510959655e-05 -1.1658652510959655e-05 
1649077008.622501 2.4221953770320397 -0.36129496849753195 0.819971302356862 0.0816187650343636 4.862423504542676 3.473146336604259 -2.3733475422268384 -5.2676419910931145 1.0907300579274306 0.0910949722310761 -1.782237103980151 -1.1658652510959655e-05 -1.1658652510959655e-05 -1.1658652510959655e-05 -1.1658652510959655e-05 -1.1658652510959655e-05 
1649077008.6376407 0.2272310496045975 -0.5595968277411885 0.820390397515439 0.06604239496664377 4.572991731351067 2.6627559981134254 -2.3733475422268384 -4.630896746682993 1.0792515071880189 0.09125795368163381 -1.783680653970805 -1.1658652510959655e-05 -1.1658652510959655e-05 -1.1658652510959655e-05 -1.1658652510959655e-05 -1.1658652510959655e-05 
1649077008.6546884 0.8969451131706592 -0.7491442547834595 0.8203205483223428 0.04429601284209639 2.0838924517302075 2.5469693189952523 -2.1996791650817613 -2.6627793154184474 1.072336437071499 0.09132780287472997 -1.7841230321937473 -1.1658652510959655e-05 -1.1658652510959655e-05 -1.1658652510959655e-05 -1.1658652510959655e-05 -1.1658652510959655e-05 
1649077008.6645658 5.851581211274606 -0.2088840291253291 0.8175964297915925 -0.0024563804108765908 1.6207923013935215 0.2315384165121941 -0.5788752050357289 -2.4891109382806462 1.0561081412088242 0.09142093513219152 -1.7843092967086704 -1.1658652510959655e-05 -1.1658652510959655e-05 -1.1658652510959655e-05 -1.1658652510959655e-05 -1.1658652510959655e-05 
1649077008.6868248 4.479696492417133 -0.6811111406932469 0.8163391443158616 -0.03770693986734841 -0.231561733817216 -2.1417974670548574 0.6946152837845148 -0.2894434318441199 1.0387156921206042 0.09130451981036458 -1.7836573709064396 -1.1658652510959655e-05 -1.1658652510959655e-05 -1.1658652510959655e-05 -1.1658652510959655e-05 -1.1658652510959655e-05 
1649077008.6971803 4.1662598798575345 -0.8399947719590273 0.8166418241526117 -0.04359755515179131 -1.5629339206716395 -1.7366022978094406 1.4471472073128098 1.0419287550030276 1.0294024663744494 0.09130451981036458 -1.7832149926834973 -1.1658652510959655e-05 -1.1658652510959655e-05 -1.1658652510959655e-05 -1.1658652510959655e-05 -1.1658652510959655e-05 
1649077008.7195644 3.177148739261611 -0.9470735849972698 0.8157803507710923 -0.020244641593308188 -3.357406257855473 -1.6208156186985434 1.9681057726120343 2.3733242249218165 1.009821409235883 0.09149078432528768 -1.7827027652674587 -1.1658652510959655e-05 -1.1658652510959655e-05 -1.1658652510959655e-05 -1.1658652510959655e-05 -1.1658652510959655e-05 
1649077008.7358196 2.9711401857057353 -1.4798366639297456 0.8138245733643998 -0.025553180268616416 -4.341464973491384 -4.052033200292499 3.067951167358842 4.630873429377971 0.9905430319413426 0.09137436900346074 -1.7822603870445164 -1.1658652510959655e-05 -1.1658652510959655e-05 -1.1658652510959655e-05 -1.1658652510959655e-05 -1.1658652510959655e-05 
1649077008.746224 2.938148083492706 -0.9472598495121929 0.8137081580425729 -0.023620685926289298 -5.672837160338531 -4.28358327546448 4.16779656210565 5.151855277741561 0.9812298061879119 0.09137436900346074 -1.7820275564008625 -1.1658652510959655e-05 -1.1658652510959655e-05 -1.1658652510959655e-05 -1.1658652510959655e-05 -1.1658652510959655e-05 
1649077008.767008 3.595428990680375 -0.4746136427856982 0.8127768354679574 -0.026181823006481864 -6.425369083866826 -5.614955462311627 4.399323354213266 6.483227464588708 0.9635579603345832 0.09132780287472997 -1.7814920459204586 -1.1658652510959655e-05 -1.1658652510959655e-05 -1.1658652510959655e-05 -1.1658652510959655e-05 -1.1658652510959655e-05 
1649077008.7995331 2.349994594420423 0.08648492548672948 0.8125440048243036 0.0012689098875853233 -8.625036590303353 -6.078055612648313 5.499168748960074 8.509249876944523 0.9400886314469972 0.09095527384488378 -1.7813523475342663 -1.1658652510959655e-05 -1.1658652510959655e-05 -1.1658652510959655e-05 -1.1658652510959655e-05 -1.1658652510959655e-05 
1649077008.8159268 -0.05118783414218342 0.46599887472984847 0.8136848749782075 0.03125749679747969 -9.319663532740378 -7.814622968748154 5.209736975761189 10.419485610182164 0.9292852895814576 0.09032663110701833 -1.7818412918859394 -1.1658652510959655e-05 -1.1658652510959655e-05 -1.1658652510959655e-05 -1.1658652510959655e-05 -1.1658652510959655e-05 
1649077008.832643 -1.1567142965941457 0.28220236458582804 0.8140574040080537 0.03402818145696074 -9.146018438659667 -6.656919159038807 5.3833820698419 9.782740365772042 0.9253271686393418 0.09007051739899907 -1.7821905378514202 -1.1658652510959655e-05 -1.1658652510959655e-05 -1.1658652510959655e-05 -1.1658652510959655e-05 -1.1658652510959655e-05 
1649077008.8772235 0.46299535942671355 0.9106355550175067 0.8172471838261117 0.07794004085735651 -8.625036590303353 -4.920328519874602 4.457205052232894 9.609071988626965 0.9109848009829875 0.08981440369097982 -1.7849845055752667 -1.1658652510959655e-05 -1.1658652510959655e-05 -1.1658652510959655e-05 -1.1658652510959655e-05 -1.1658652510959655e-05 
1649077008.9097779 1.3721757400417118 2.642569581301359 0.8186441676880349 0.08119966987578664 -7.062114328284224 -4.052033200292499 5.093973579714657 8.046149726607837 0.9159906598215457 0.08955828998296056 -1.7888029281311901 -1.1658652510959655e-05 -1.1658652510959655e-05 -1.1658652510959655e-05 -1.1658652510959655e-05 -1.1658652510959655e-05 
1649077008.965098 -4.531408212627866 1.2516858819217305 0.8213217200900544 0.08748609725444112 -3.936269804245967 -2.4891109382806462 3.2416195445039193 4.688755127404875 0.9442795830327668 0.08946515772549901 -1.7927843321376713 -1.1658652510959655e-05 -1.1658652510959655e-05 -1.1658652510959655e-05 -1.1658652510959655e-05 -1.1658652510959655e-05 
1649077008.9989712 -2.6279012849918217 -1.048238499686704 0.8240225555564393 0.08739296499697957 -0.231561733817216 -0.231561733817216 0.2315384165121941 1.6207923013935215 0.9725219401152572 0.08918576095311437 -1.795531733732787 -1.1658652510959655e-05 -1.1658652510959655e-05 -1.1658652510959655e-05 -1.1658652510959655e-05 -1.1658652510959655e-05 
1649077009.0310419 -4.421861394759617 0.6380607204264379 0.8245114999081125 0.07239867153839441 4.862423504542676 0.578851887730707 -0.9261886762615177 -3.125856182690768 1.0019051673516515 0.08869681660144124 -1.7980695877486141 -1.1658652510959655e-05 -1.1658652510959655e-05 -1.1658652510959655e-05 -1.1658652510959655e-05 -1.1658652510959655e-05 
1649077009.080475 -1.586496381816687 -0.6650923924025847 0.8275615813399781 0.07854540053813253 6.483227464588708 4.052009882987477 -3.588956333027454 -6.656919159038807 1.0495888831865159 0.08883651498763356 -1.8012593675739481 -1.1658652510959655e-05 -1.1658652510959655e-05 -1.1658652510959655e-05 -1.1658652510959655e-05 -1.1658652510959655e-05 
1649077009.112709 0.9851413610012969 1.194619091147615 0.8311006071307929 0.09516950849501882 7.293641086143907 4.978186900596484 -4.109914898319403 -6.599014177947538 1.0715215298187104 0.08955828998296056 -1.804495713520737 -1.1658652510959655e-05 -1.1658652510959655e-05 -1.1658652510959655e-05 -1.1658652510959655e-05 -1.1658652510959655e-05 
1649077009.128934 0.2507702276852797 -1.78037445883092 0.8287490176226129 0.07018678042368265 8.219818103752914 4.92030520256958 -5.093996897019679 -8.798704967441154 1.0833958926523337 0.08944187466113362 -1.8059159804470255 -1.1658652510959655e-05 -1.1658652510959655e-05 -1.1658652510959655e-05 -1.1658652510959655e-05 -1.1658652510959655e-05 
1649077009.1620157 -0.1870212316789548 -0.11349331439851085 0.8274684490825166 -0.0007567167122033425 7.525167878244247 3.936246486940945 -4.688778444709897 -7.75674127072125 1.0929885151708731 0.08962813917605672 -1.8064980570561602 -1.1658652510959655e-05 -1.1658652510959655e-05 -1.1658652510959655e-05 -1.1658652510959655e-05 -1.1658652510959655e-05 
1649077009.187812 1.307262556576461 -1.6984646383716608 0.826769957151555 -0.0033178537923959084 6.946327614925394 4.515110033324163 -4.630896746682993 -7.00423263025732 1.0959687474096427 0.08965142224042211 -1.806241943348141 -1.1658652510959655e-05 -1.1658652510959655e-05 -1.1658652510959655e-05 -1.1658652510959655e-05 -1.1658652510959655e-05 
1649077009.2100437 -0.917178130344837 0.6344518454498029 0.8263974281217088 -0.010721868260588963 6.3674640685349 3.936246486940945 -4.167819879410672 -6.48325078189373 1.0942225175822387 0.08962813917605672 -1.806125528026314 -1.1658652510959655e-05 -1.1658652510959655e-05 -1.1658652510959655e-05 -1.1658652510959655e-05 -1.1658652510959655e-05 
1649077009.2262883 5.827459956584789 -1.3352488341915887 0.8254893886114587 -0.014749838395800907 6.3674640685349 2.6627559981134254 -4.28358327546448 -6.0201739146214095 1.0890769603574881 0.08932545933930669 -1.8058461312539293 -1.1658652510959655e-05 -1.1658652510959655e-05 -1.1658652510959655e-05 -1.1658652510959655e-05 -1.1658652510959655e-05 
1649077009.2368848 5.827459956584789 -1.3352488341915887 0.8254893886114587 -0.014749838395800907 6.3674640685349 2.6627559981134254 -4.28358327546448 -6.0201739146214095 1.0890769603574881 0.08932545933930669 -1.8058461312539293 -1.1658652510959655e-05 -1.1658652510959655e-05 -1.1658652510959655e-05 -1.1658652510959655e-05 -1.1658652510959655e-05 
1649077009.2578468 5.827459956584789 -1.3352488341915887 0.8254893886114587 -0.014749838395800907 6.3674640685349 2.6627559981134254 -4.28358327546448 -6.0201739146214095 1.0890769603574881 0.08932545933930669 -1.8058461312539293 -1.1658652510959655e-05 -1.1658652510959655e-05 -1.1658652510959655e-05 -1.1658652510959655e-05 -1.1658652510959655e-05 
1649077009.2694216 5.827459956584789 -1.3352488341915887 0.8254893886114587 -0.014749838395800907 6.3674640685349 2.6627559981134254 -4.28358327546448 -6.0201739146214095 1.0890769603574881 0.08932545933930669 -1.8058461312539293 -1.1658652510959655e-05 -1.1658652510959655e-05 -1.1658652510959655e-05 -1.1658652510959655e-05 -1.1658652510959655e-05 
1649077009.2902124 5.827459956584789 -1.3352488341915887 0.8254893886114587 -0.014749838395800907 6.3674640685349 2.6627559981134254 -4.28358327546448 -6.0201739146214095 1.0890769603574881 0.08932545933930669 -1.8058461312539293 -1.1658652510959655e-05 -1.1658652510959655e-05 -1.1658652510959655e-05 -1.1658652510959655e-05 -1.1658652510959655e-05 
1649077009.3024805 5.827459956584789 -1.3352488341915887 0.8254893886114587 -0.014749838395800907 6.3674640685349 2.6627559981134254 -4.28358327546448 -6.0201739146214095 1.0890769603574881 0.08932545933930669 -1.8058461312539293 -1.1658652510959655e-05 -1.1658652510959655e-05 -1.1658652510959655e-05 -1.1658652510959655e-05 -1.1658652510959655e-05 
1649077009.3229609 5.827459956584789 -1.3352488341915887 0.8254893886114587 -0.014749838395800907 6.3674640685349 2.6627559981134254 -4.28358327546448 -6.0201739146214095 1.0890769603574881 0.08932545933930669 -1.8058461312539293 -1.1658652510959655e-05 -1.1658652510959655e-05 -1.1658652510959655e-05 -1.1658652510959655e-05 -1.1658652510959655e-05 
1649077009.3405228 5.827459956584789 -1.3352488341915887 0.8254893886114587 -0.014749838395800907 6.3674640685349 2.6627559981134254 -4.28358327546448 -6.0201739146214095 1.0890769603574881 0.08932545933930669 -1.8058461312539293 -1.1658652510959655e-05 -1.1658652510959655e-05 -1.1658652510959655e-05 -1.1658652510959655e-05 -1.1658652510959655e-05 
1649077009.3512874 5.827459956584789 -1.3352488341915887 0.8254893886114587 -0.014749838395800907 6.3674640685349 2.6627559981134254 -4.28358327546448 -6.0201739146214095 1.0890769603574881 0.08932545933930669 -1.8058461312539293 -1.1658652510959655e-05 -1.1658652510959655e-05 -1.1658652510959655e-05 -1.1658652510959655e-05 -1.1658652510959655e-05 
1649077009.3676002 1.5268684197217226 -0.32113168245268753 0.8190166967178811 -0.008929072304454166 1.2734788301750086 0.17365671849256614 -1.5050522226447356 -1.1577387514262227 1.0391347872791812 0.0875326633831719 -1.802935748208256 -1.1658652510959655e-05 -1.1658652510959655e-05 -1.1658652510959655e-05 -1.1658652510959655e-05 -1.1658652510959655e-05 
1649077009.3911476 1.4692195523384726 -0.3492809072777163 0.8162460120584001 -0.038964225343079306 -2.836424409499159 -2.6627793154184474 1.2734788301750086 2.0838924517302075 1.0180170478997752 0.0873463988682488 -1.8023536715991213 -1.1658652510959655e-05 -1.1658652510959655e-05 -1.1658652510959655e-05 -1.1658652510959655e-05 -1.1658652510959655e-05 
1649077009.4053786 3.6677694716781843 0.24401813901931746 0.8148723112608423 -0.060501059888338204 -2.0260340710083256 -5.441310368238192 2.7785193941672333 2.0838924517302075 1.0091927664980176 0.08711356822459493 -1.8017483119256212 -1.1658652510959655e-05 -1.1658652510959655e-05 -1.1658652510959655e-05 -1.1658652510959655e-05 -1.1658652510959655e-05 
1649077009.4167345 5.487084838547162 0.9876093658313039 0.8164322765733232 -0.03332972376665566 -1.6786973167254473 -8.856586665468058 4.515110033324163 2.5469693189952523 0.9941984730467084 0.08625209484307561 -1.8008402724153711 -1.1658652510959655e-05 -1.1658652510959655e-05 -1.1658652510959655e-05 -1.1658652510959655e-05 -1.1658652510959655e-05 
1649077009.4377084 0.03158345969859511 -2.559332660421205 0.8204369636441697 0.05761392566637369 -3.76260142710089 -1.6786973167254473 1.9102240745851304 4.688755127404875 0.9815790521533927 0.08560016904084478 -1.8016551796681597 -1.1658652510959655e-05 -1.1658652510959655e-05 -1.1658652510959655e-05 -1.1658652510959655e-05 -1.1658652510959655e-05 
1649077009.458375 2.7404283008581842 0.41174933474394493 0.8200644346143235 0.09812645766942296 -4.515133350629185 -2.4891109382806462 2.1417741497498355 4.572991731351067 0.9769457223446807 0.08557688597647939 -1.802633068371506 -1.1658652510959655e-05 -1.1658652510959655e-05 -1.1658652510959655e-05 -1.1658652510959655e-05 -1.1658652510959655e-05 
1649077009.4734762 0.19510042077308754 -0.23915201280760812 0.8203438313867082 0.10157235119550023 -4.109914898319403 -3.357406257855473 1.8523423765582265 5.151855277741561 0.9714043530257186 0.08522764001099858 -1.8047285441643908 -1.1658652510959655e-05 -1.1658652510959655e-05 -1.1658652510959655e-05 -1.1658652510959655e-05 -1.1658652510959655e-05 
1649077009.5059996 -1.0675401600528858 0.4314002410756075 0.8189235644604196 0.020919816219247878 -3.936269804245967 -2.1996791650817613 2.1417741497498355 3.994128184967849 0.9682611393363914 0.08506465856044088 -1.8059625465757563 -1.1658652510959655e-05 -1.1658652510959655e-05 -1.1658652510959655e-05 -1.1658652510959655e-05 -1.1658652510959655e-05 
1649077009.5148394 -0.4582689316011965 0.06662447157577844 0.8197151886488427 0.018032716237939894 -3.646838031054358 -2.604874334327178 1.8523423765582265 3.473146336604259 0.9736628102691611 0.0850180924317101 -1.806311792541237 -1.1658652510959655e-05 -1.1658652510959655e-05 -1.1658652510959655e-05 -1.1658652510959655e-05 -1.1658652510959655e-05 
1649077009.563928 -3.161525837305817 -0.5243928344134474 0.8218106644417276 0.06059415790514322 -1.2156204494531266 -1.6208156186985434 1.1577154341212008 2.2575375458036433 0.9947339835271123 0.08480854485242162 -1.808593532849045 -1.1658652510959655e-05 -1.1658652510959655e-05 -1.1658652510959655e-05 -1.1658652510959655e-05 -1.1658652510959655e-05 
1649077009.6537342 -0.7602735595501144 -0.028067751220078208 0.8283066393996705 0.1069973051926354 3.762578109795868 2.1996558477767394 -2.1996791650817613 -3.2416428618089412 1.057295577491459 0.08431960050074849 -1.8160208303816034 -1.1658652510959655e-05 -1.1658652510959655e-05 -1.1658652510959655e-05 -1.1658652510959655e-05 -1.1658652510959655e-05 
1649077009.669072 -2.05632533775497 -0.23349422815954313 0.8300063031056197 0.10932561162917409 4.572991731351067 2.836401092194137 -2.3154658441999345 -4.399346671518288 1.076667087043461 0.08436616662947927 -1.818162872303219 -1.1658652510959655e-05 -1.1658652510959655e-05 -1.1658652510959655e-05 -1.1658652510959655e-05 -1.1658652510959655e-05 
1649077009.685043 -0.4966627047469956 -0.5602953196721501 0.8311238901951583 0.10615911487548146 5.962245616232394 4.109891581014381 -2.894306107518787 -5.846505537483608 1.0854680853808532 0.0844825819513062 -1.8192338932640268 -1.1658652510959655e-05 -1.1658652510959655e-05 -1.1658652510959655e-05 -1.1658652510959655e-05 -1.1658652510959655e-05 
1649077009.699544 -2.9927701867491123 -0.21400630328571424 0.8314265700319083 0.09661305848567281 7.351522784170811 5.3255003718149965 -3.994151502272871 -7.583096176640538 1.1004856618965277 0.08476197872369085 -1.8211896706707194 -1.1658652510959655e-05 -1.1658652510959655e-05 -1.1658652510959655e-05 -1.1658652510959655e-05 -1.1658652510959655e-05 
1649077009.711044 0.2998276443177019 -0.3240653485627263 0.8355011062958511 0.11649679546098923 7.119972709006106 4.862423504542676 -3.994151502272871 -8.335604817104468 1.1129421013392857 0.08525092307536397 -1.8234714109785273 -1.1658652510959655e-05 -1.1658652510959655e-05 -1.1658652510959655e-05 -1.1658652510959655e-05 -1.1658652510959655e-05 
1649077009.7323306 0.8606933819464757 0.6554531695146579 0.835617521617678 0.10648507777659688 8.161913122661645 4.804541806523048 -4.573015048656089 -6.541132479920634 1.117947960177844 0.08518107388226781 -1.824542431939335 -1.1658652510959655e-05 -1.1658652510959655e-05 -1.1658652510959655e-05 -1.1658652510959655e-05 -1.1658652510959655e-05 
1649077009.7487082 -3.1735864646470873 0.1480919138120953 0.8370145054796012 0.12364469622116303 8.451344895853254 4.341441656186362 -4.573015048656089 -8.335604817104468 1.1244439351357869 0.08499480936734471 -1.8269638706333353 -1.1658652510959655e-05 -1.1658652510959655e-05 -1.1658652510959655e-05 -1.1658652510959655e-05 -1.1658652510959655e-05 
1649077009.7603743 0.8761067705563619 -1.0553165512610576 0.8378061296680244 0.10762594793050084 7.525167878244247 3.820459807822772 -4.341464973491384 -6.946350932230416 1.126190164963191 0.08490167710988317 -1.8280348915941431 -1.1658652510959655e-05 -1.1658652510959655e-05 -1.1658652510959655e-05 -1.1658652510959655e-05 -1.1658652510959655e-05 
1649077009.7764204 1.8308753912133398 0.7624155672310735 0.836641976449755 0.07069900783972116 7.004209312952298 3.704696411768964 -3.8204831251277938 -7.409427799502737 1.1280760931767873 0.08478526178805623 -1.8295482907778933 -1.1658652510959655e-05 -1.1658652510959655e-05 -1.1658652510959655e-05 -1.1658652510959655e-05 -1.1658652510959655e-05 
1649077009.8325393 1.0297284292755648 -0.09284123629913665 0.8340575563051971 -0.01058216987439664 5.499168748960074 2.836401092194137 -3.531051351936185 -5.036091915928409 1.1195079254903249 0.08422646824328694 -1.8302467827088549 -1.1658652510959655e-05 -1.1658652510959655e-05 -1.1658652510959655e-05 -1.1658652510959655e-05 -1.1658652510959655e-05 
1649077009.8815026 5.869998115194903 -0.529421976316371 0.8334754796960624 -0.0027823433119920082 2.6627559981134254 0.2315384165121941 -0.6946386010895367 -1.9102473918901524 1.0810210200870642 0.0837608069559792 -1.8293853093273356 -1.1658652510959655e-05 -1.1658652510959655e-05 -1.1658652510959655e-05 -1.1658652510959655e-05 -1.1658652510959655e-05 
1649077009.9073746 5.364569353827392 0.6177346052354551 0.8375965820887359 0.08122295294015203 -1.0998570533993188 -3.357406257855473 2.0838924517302075 1.7944606785313226 1.0532210412275163 0.08327186260430608 -1.830921991582727 -1.1658652510959655e-05 -1.1658652510959655e-05 -1.1658652510959655e-05 -1.1658652510959655e-05 -1.1658652510959655e-05 
1649077009.9469428 3.3146818004970555 -0.2602697521870141 0.8375732990243705 0.0700936481662211 -5.325523689120018 -4.225701577437576 4.341441656186362 5.267618673788093 1.0147807019457105 0.08296918276755605 -1.8349266786535736 -1.1658652510959655e-05 -1.1658652510959655e-05 -1.1658652510959655e-05 -1.1658652510959655e-05 -1.1658652510959655e-05 
1649077009.9892128 2.581544669585128 1.50782287306356 0.8386676030495437 0.041711592697538435 -8.161936439966667 -6.656919159038807 5.151855277741561 8.219818103752914 0.9720097126992187 0.08245695535151754 -1.8370221544464584 -1.1658652510959655e-05 -1.1658652510959655e-05 -1.1658652510959655e-05 -1.1658652510959655e-05 -1.1658652510959655e-05 
1649077010.0217655 2.0794453864291427 -0.17847634705685778 0.8376431482174667 0.03202583792153746 -9.319663532740378 -6.425369083866826 5.499168748960074 8.91444504618994 0.9555020200641593 0.08201457712857518 -1.83772064637742 -1.1658652510959655e-05 -1.1658652510959655e-05 -1.1658652510959655e-05 -1.1658652510959655e-05 -1.1658652510959655e-05 
1649077010.087238 2.376676986190432 -1.447729318162601 0.8392962457874091 0.04727624508814188 -8.740799986349884 -4.515133350629185 5.0360685986233875 8.798681650136132 0.9401351975757279 0.08194472793547902 -1.8393504608829971 -1.1658652510959655e-05 -1.1658652510959655e-05 -1.1658652510959655e-05 -1.1658652510959655e-05 -1.1658652510959655e-05 
1649077010.1117063 -1.5509198594590998 2.423592360893963 0.8404371159413131 0.0665313393183169 -8.451368213158275 -4.630896746682993 5.093973579714657 8.277699801772542 0.9401119145113626 0.0819912940642098 -1.840607746358728 -1.1658652510959655e-05 -1.1658652510959655e-05 -1.1658652510959655e-05 -1.1658652510959655e-05 -1.1658652510959655e-05 
1649077010.1201932 -0.3855326385018998 -2.0132051025357214 0.8410191925504478 0.07654305699543329 -7.23575942235766 -4.167819879410672 3.994128184967849 7.351522784170811 0.949401857193152 0.08194472793547902 -1.8420978624781128 -1.1658652510959655e-05 -1.1658652510959655e-05 -1.1658652510959655e-05 -1.1658652510959655e-05 -1.1658652510959655e-05 
1649077010.140485 1.7086393032659544 -1.228519267111551 0.8413451554515632 0.07118795219139429 -6.888445951139147 -3.936269804245967 5.0360685986233875 6.425345766561804 0.9556184353859862 0.08206114325730596 -1.8428196374734398 -1.1658652510959655e-05 -1.1658652510959655e-05 -1.1658652510959655e-05 -1.1658652510959655e-05 -1.1658652510959655e-05 
1649077010.1691477 -0.9457231672640773 0.8521484973171027 0.8429749699571403 0.06816115382389398 -3.415287955882377 -1.2156204494531266 1.7944606785313226 2.604851017022156 0.9870040061578038 0.08238710615842137 -1.8455670390685555 -1.1658652510959655e-05 -1.1658652510959655e-05 -1.1658652510959655e-05 -1.1658652510959655e-05 -1.1658652510959655e-05 
1649077010.1851969 -5.714653543953318 -1.8509687100013252 0.8437898772099288 0.0816187650343636 -1.5050522226447356 0.057870039374392945 1.3313605282019125 0.4051835105929058 0.9961309673890355 0.08261993680207524 -1.846381946321344 -1.1658652510959655e-05 -1.1658652510959655e-05 -1.1658652510959655e-05 -1.1658652510959655e-05 -1.1658652510959655e-05 
1649077010.209069 -3.9313570776648703 0.32653331914480077 0.845605956230429 0.09339999560324941 0.810401962902688 -1.1658652510959655e-05 0.520970189711079 -0.5209935070161009 1.0148039850100758 0.08294589970319066 -1.8481747422774788 -1.1658652510959655e-05 -1.1658652510959655e-05 -1.1658652510959655e-05 -1.1658652510959655e-05 -1.1658652510959655e-05 
1649077010.2178304 -5.136791169330536 -0.3730063498733216 0.846746826384333 0.10986112211685395 0.6946152837845148 0.578851887730707 0.11575173740129685 -2.4312292402537423 1.025048533338122 0.08315544728247914 -1.849269046302652 -1.1658652510959655e-05 -1.1658652510959655e-05 -1.1658652510959655e-05 -1.1658652510959655e-05 -1.1658652510959655e-05 
1649077010.238806 -5.136791169330536 -0.3730063498733216 0.846746826384333 0.10986112211685395 0.6946152837845148 0.578851887730707 0.11575173740129685 -2.4312292402537423 1.025048533338122 0.08315544728247914 -1.849269046302652 -1.1658652510959655e-05 -1.1658652510959655e-05 -1.1658652510959655e-05 -1.1658652510959655e-05 -1.1658652510959655e-05 
1649077010.2578225 -5.136791169330536 -0.3730063498733216 0.846746826384333 0.10986112211685395 0.6946152837845148 0.578851887730707 0.11575173740129685 -2.4312292402537423 1.025048533338122 0.08315544728247914 -1.849269046302652 -1.1658652510959655e-05 -1.1658652510959655e-05 -1.1658652510959655e-05 -1.1658652510959655e-05 -1.1658652510959655e-05 
1649077010.2996426 -5.136791169330536 -0.3730063498733216 0.846746826384333 0.10986112211685395 0.6946152837845148 0.578851887730707 0.11575173740129685 -2.4312292402537423 1.025048533338122 0.08315544728247914 -1.849269046302652 -1.1658652510959655e-05 -1.1658652510959655e-05 -1.1658652510959655e-05 -1.1658652510959655e-05 -1.1658652510959655e-05 
1649077010.316838 -5.136791169330536 -0.3730063498733216 0.846746826384333 0.10986112211685395 0.6946152837845148 0.578851887730707 0.11575173740129685 -2.4312292402537423 1.025048533338122 0.08315544728247914 -1.849269046302652 -1.1658652510959655e-05 -1.1658652510959655e-05 -1.1658652510959655e-05 -1.1658652510959655e-05 -1.1658652510959655e-05 
1649077010.3396752 -5.136791169330536 -0.3730063498733216 0.846746826384333 0.10986112211685395 0.6946152837845148 0.578851887730707 0.11575173740129685 -2.4312292402537423 1.025048533338122 0.08315544728247914 -1.849269046302652 -1.1658652510959655e-05 -1.1658652510959655e-05 -1.1658652510959655e-05 -1.1658652510959655e-05 -1.1658652510959655e-05 
1649077010.365247 3.819132673153945 -3.7515186884629657 0.8563394489028724 0.12837115828733658 10.130053836990555 7.062091010979202 -6.0201739146214095 -10.824704096732603 1.143652463244507 0.08541390452592168 -1.8621678639683523 -1.1658652510959655e-05 -1.1658652510959655e-05 -1.1658652510959655e-05 -1.1658652510959655e-05 -1.1658652510959655e-05 
1649077010.3814464 -4.107097647531191 2.20685031467292 0.8545233698823722 0.05945328775123926 10.535249006235972 5.962245616232394 -5.7307421414298005 -9.088113457568397 1.142860839056084 0.08548375371901784 -1.8637045462164679 -1.1658652510959655e-05 -1.1658652510959655e-05 -1.1658652510959655e-05 -1.1658652510959655e-05 -1.1658652510959655e-05 
1649077010.3977807 3.86595491560729 -2.5664572781170136 0.8571543561556609 0.0634812578864512 9.493308592573158 4.630873429377971 -5.036091915928409 -9.435450211851276 1.1356198060311726 0.0852043569466332 -1.8650549639496603 -1.1658652510959655e-05 -1.1658652510959655e-05 -1.1658652510959655e-05 -1.1658652510959655e-05 -1.1658652510959655e-05 
1649077010.437074 -0.6720074625191046 -1.1550146328954725 0.8550821634271415 0.0290921718114987 7.698836255389324 4.630873429377971 -5.209760293066211 -8.104054741939763 1.1190888303317479 0.08525092307536397 -1.8660794187817373 -1.1658652510959655e-05 -1.1658652510959655e-05 -1.1658652510959655e-05 -1.1658652510959655e-05 -1.1658652510959655e-05 
1649077010.4468517 2.7916510424693115 -0.28155047302425373 0.8533126505353721 -0.021106114974827506 7.525167878244247 3.994128184967849 -4.225701577437576 -7.525191195549269 1.1014402675355086 0.0852043569466332 -1.8658698712024488 -1.1658652510959655e-05 -1.1658652510959655e-05 -1.1658652510959655e-05 -1.1658652510959655e-05 -1.1658652510959655e-05 
1649077010.4702668 0.004598388091835659 -1.6662408772826893 0.852404611025122 -0.03197930603346322 4.341441656186362 2.1417741497498355 -2.4312292402537423 -4.573015048656089 1.0919407772744307 0.0852043569466332 -1.8655671913656988 -1.1658652510959655e-05 -1.1658652510959655e-05 -1.1658652510959655e-05 -1.1658652510959655e-05 -1.1658652510959655e-05 
1649077010.4797692 9.14445843910653 -1.0874937462212984 0.8516595529654296 -0.04911564141366398 3.2995012425235473 -1.7366022978094406 1.3892655092859059 -3.473169653909281 1.072033757234749 0.08518107388226781 -1.8646591518554487 -1.1658652510959655e-05 -1.1658652510959655e-05 -1.1658652510959655e-05 -1.1658652510959655e-05 -1.1658652510959655e-05 
1649077010.503667 5.935563224462385 -0.3073946744771092 0.8505652489402564 -0.03188617377600167 0.289420114539098 -5.672837160338531 6.193795691397099 -1.9681290899170563 1.0522897186529008 0.08534405533282552 -1.8638442446026602 -1.1658652510959655e-05 -1.1658652510959655e-05 -1.1658652510959655e-05 -1.1658652510959655e-05 -1.1658652510959655e-05 
1649077010.5353084 5.066103751662013 0.1443200573849026 0.8442089723685058 -0.08783537746057846 -2.778542711472255 -5.7307421414298005 3.357382940550451 2.4312059229487204 1.0221847164211795 0.08543718759028707 -1.8614926550944801 -1.1658652510959655e-05 -1.1658652510959655e-05 -1.1658652510959655e-05 -1.1658652510959655e-05 -1.1658652510959655e-05 
1649077010.5612514 1.2695207092328928 -2.9329094282511505 0.8459319191315444 -0.050535908339952584 -6.078055612648313 -3.704719729073986 3.994128184967849 5.672813843033509 0.9942217561110738 0.08494824323861394 -1.8595135946234223 -1.1658652510959655e-05 -1.1658652510959655e-05 -1.1658652510959655e-05 -1.1658652510959655e-05 -1.1658652510959655e-05 
1649077010.5832334 2.7863425037940033 0.04594911041203886 0.8421833457687171 -0.02958115040382836 -7.293664403448929 -5.7307421414298005 6.020150597316388 6.714777539760689 0.9790411981375655 0.0852043569466332 -1.8588849518855568 -1.1658652510959655e-05 -1.1658652510959655e-05 -1.1658652510959655e-05 -1.1658652510959655e-05 -1.1658652510959655e-05 
1649077010.5939522 2.3769330998984515 0.7636262865780736 0.8429982530215057 -0.036146974554867484 -8.277723119077564 -5.904387235510512 4.515110033324163 8.161913122661645 0.9664450603158912 0.08494824323861394 -1.8582097430189606 -1.1658652510959655e-05 -1.1658652510959655e-05 -1.1658652510959655e-05 -1.1658652510959655e-05 -1.1658652510959655e-05 
1649077010.6103153 2.984364966265275 -1.7985119659715565 0.8431845175364288 -0.026228389135212637 -8.219841421057936 -5.672837160338531 5.3255003718149965 8.046149726607837 0.9616254659922561 0.08490167710988317 -1.8579536293109413 -1.1658652510959655e-05 -1.1658652510959655e-05 -1.1658652510959655e-05 -1.1658652510959655e-05 -1.1658652510959655e-05 
1649077010.6324625 -0.3220397219629376 0.1637846991943661 0.8409959094860824 -0.0063446521598962136 -8.509273194249545 -5.383405387146922 4.399323354213266 7.988268028580933 0.9551527740986785 0.08490167710988317 -1.8577440817316528 -1.1658652510959655e-05 -1.1658652510959655e-05 -1.1658652510959655e-05 -1.1658652510959655e-05 -1.1658652510959655e-05 
1649077010.6593328 1.2769712898298167 -3.5441364341095323 0.839529076431063 -0.027252843967289664 -7.988291345885955 -4.167819879410672 4.457205052232894 7.583072859335516 0.950309896703402 0.0850180924317101 -1.8570455898006912 -1.1658652510959655e-05 -1.1658652510959655e-05 -1.1658652510959655e-05 -1.1658652510959655e-05 -1.1658652510959655e-05 
1649077010.682692 -2.3502973084978294 1.7568352465095813 0.8374103175738128 -0.03654278664907906 -7.930409647859051 -3.2416428618089412 5.0360685986233875 6.772659237780317 0.9545241313535371 0.08557688597647939 -1.8563238148053642 -1.1658652510959655e-05 -1.1658652510959655e-05 -1.1658652510959655e-05 -1.1658652510959655e-05 -1.1658652510959655e-05 
1649077010.692154 1.0392744856653735 -1.1636992159037618 0.8384580554702552 -0.01884765773138497 -7.409427799502737 -3.357406257855473 3.936246486940945 7.004209312952298 0.9585055353672942 0.0857398674270371 -1.8561375502904411 -1.1658652510959655e-05 -1.1658652510959655e-05 -1.1658652510959655e-05 -1.1658652510959655e-05 -1.1658652510959655e-05 
1649077010.7141876 -3.2805255793064134 -0.6905407817612286 0.838504621598986 -0.00238653121778043 -6.193819008702121 -3.299524559828569 4.283559958159458 5.672813843033509 0.9679817425640067 0.0859261319419602 -1.8560211349686142 -1.1658652510959655e-05 -1.1658652510959655e-05 -1.1658652510959655e-05 -1.1658652510959655e-05 -1.1658652510959655e-05 
1649077010.7309973 1.2850970792933367 -0.6633927287039114 0.8395057933666976 0.03942985238973051 -4.457228369537916 -3.0100927866369602 3.936246486940945 3.704696411768964 0.9824172424705466 0.08636851016490255 -1.856673060770845 -1.1658652510959655e-05 -1.1658652510959655e-05 -1.1658652510959655e-05 -1.1658652510959655e-05 -1.1658652510959655e-05 
1649077010.7475321 -3.5868142911058385 -0.052980630098318215 0.839226396594313 0.03300372662488371 -2.1996791650817613 -1.5050522226447356 2.5469693189952523 2.0838924517302075 0.9904731827482465 0.08650820855109487 -1.8569990236719605 -1.1658652510959655e-05 -1.1658652510959655e-05 -1.1658652510959655e-05 -1.1658652510959655e-05 -1.1658652510959655e-05 
1649077010.780336 -2.533372043646523 0.8265138434435357 0.8508679287770065 0.1969630659223185 0.8682836609295919 1.2734788301750086 1.099833736094297 -2.778542711472255 1.0243034752784297 0.08853383515088353 -1.8615857873519417 -1.1658652510959655e-05 -1.1658652510959655e-05 -1.1658652510959655e-05 -1.1658652510959655e-05 -1.1658652510959655e-05 
1649077010.7957258 -4.557531810853106 0.21128215051430743 0.8528702723124297 0.24241160757810576 1.9102240745851304 1.4471472073128098 -0.3473251298710238 -0.9261886762615177 1.0343850421486422 0.08862696740834508 -1.864007226053218 -1.1658652510959655e-05 -1.1658652510959655e-05 -1.1658652510959655e-05 -1.1658652510959655e-05 -1.1658652510959655e-05 
1649077010.806439 -1.484260446159169 0.07137421670631738 0.8543836714961799 0.25652114458353026 3.473146336604259 2.7785193941672333 -1.1577387514262227 -2.546992636300274 1.0549439879905549 0.0886036843439797 -1.86924591553543 -1.1658652510959655e-05 -1.1658652510959655e-05 -1.1658652510959655e-05 -1.1658652510959655e-05 -1.1658652510959655e-05 
1649077010.822865 -2.4974229922590894 -0.8992036046547582 0.8566654118039878 0.1735635862351046 6.0780322953432915 3.704696411768964 -2.604874334327178 -5.614955462311627 1.0740361007701722 0.08869681660144124 -1.8732273195419111 -1.1658652510959655e-05 -1.1658652510959655e-05 -1.1658652510959655e-05 -1.1658652510959655e-05 -1.1658652510959655e-05 
1649077010.8625112 -1.7548329372148146 0.36031704555352917 0.8575501682498725 0.10329529795853887 7.872504632534401 5.093973579714657 -4.28358327546448 -6.541132479920634 1.0999268683517585 0.08904606256692205 -1.8770224590334692 -1.1658652510959655e-05 -1.1658652510959655e-05 -1.1658652510959655e-05 -1.1658652510959655e-05 -1.1658652510959655e-05 
1649077010.894742 -1.996092050227162 0.9561073797376594 0.8598551916220458 0.08897621337382589 9.261758517408452 5.846482220178586 -4.457228369537916 -8.567154892276449 1.1200434359707288 0.08965142224042211 -1.8800492574009695 -1.1658652510959655e-05 -1.1658652510959655e-05 -1.1658652510959655e-05 -1.1658652510959655e-05 -1.1658652510959655e-05 
1649077010.9175835 2.1050800403027097 -1.6642850998759968 0.8612754585556104 0.09731155041663442 8.798681650136132 4.92030520256958 -5.441310368238192 -8.104054741939763 1.1308002117075375 0.08941859159676824 -1.8818653364214697 -1.1658652510959655e-05 -1.1658652510959655e-05 -1.1658652510959655e-05 -1.1658652510959655e-05 -1.1658652510959655e-05 
1649077010.9318666 -1.1170399549082504 1.8596765418333234 0.8618342521003797 0.06345797482208582 9.609071988626965 5.730718824124779 -4.9782102179015055 -9.666977003958891 1.138343924561923 0.08944187466113362 -1.8832390372190275 -1.1658652510959655e-05 -1.1658652510959655e-05 -1.1658652510959655e-05 -1.1658652510959655e-05 -1.1658652510959655e-05 
1649077010.94577 0.7955240847659297 0.10245710764138494 0.8622533472589566 0.08031491342990194 8.740776669044863 5.3255003718149965 -5.209760293066211 -9.03023175954877 1.1404161172904423 0.0894884407898644 -1.884053944471816 -1.1658652510959655e-05 -1.1658652510959655e-05 -1.1658652510959655e-05 -1.1658652510959655e-05 -1.1658652510959655e-05 
1649077010.9699562 1.3054697606203263 0.8628587069324567 0.861973950486572 0.04238680156413466 7.467286180224619 4.630873429377971 -3.878388106219063 -7.640977874667442 1.1417898180880002 0.0896747053047875 -1.88580017429922 -1.1658652510959655e-05 -1.1658652510959655e-05 -1.1658652510959655e-05 -1.1658652510959655e-05 -1.1658652510959655e-05 
1649077010.9929998 2.114719228957256 1.7736456189886667 0.8619273843578412 0.021920987986959517 7.64095455736242 4.457205052232894 -4.167819879410672 -8.219841421057936 1.1391588318147114 0.08972127143351827 -1.8864055339727201 -1.1658652510959655e-05 -1.1658652510959655e-05 -1.1658652510959655e-05 -1.1658652510959655e-05 -1.1658652510959655e-05 
1649077011.0104961 2.106849553194479 -2.689182310416072 0.8622067811302259 0.02098966541234404 6.714777539760689 4.16779656210565 -3.704719729073986 -6.830564253112243 1.1287513020433835 0.08993081901280675 -1.8868013460669317 -1.1658652510959655e-05 -1.1658652510959655e-05 -1.1658652510959655e-05 -1.1658652510959655e-05 -1.1658652510959655e-05 
1649077011.0259266 1.920841151935747 1.9364408050678321 0.8611590432337834 0.009278284029278439 5.90436391820549 3.646814713749336 -3.299524559828569 -6.309582404755929 1.1219526472486905 0.09000066820590291 -1.8868944783243933 -1.1658652510959655e-05 -1.1658652510959655e-05 -1.1658652510959655e-05 -1.1658652510959655e-05 -1.1658652510959655e-05 
1649077011.035529 1.336086990268086 -1.860514766391134 0.8607399480752065 0.007182808236393612 4.515110033324163 3.0100694693319383 -3.878388106219063 -3.531051351936185 1.105491520735086 0.0898376867553452 -1.8870341767105856 -1.1658652510959655e-05 -1.1658652510959655e-05 -1.1658652510959655e-05 -1.1658652510959655e-05 -1.1658652510959655e-05 
1649077011.0594578 6.731564629168133 -0.42958419629576383 0.8613220246843412 0.006088504211220425 2.9521877713050344 -0.3473251298710238 0.3473018125660019 -3.531051351936185 1.087749825688661 0.08969798836915288 -1.887057459774951 -1.1658652510959655e-05 -1.1658652510959655e-05 -1.1658652510959655e-05 -1.1658652510959655e-05 -1.1658652510959655e-05 
1649077011.0753772 5.542894343845546 0.9406474249917665 0.8616945537141874 0.014028029159817379 1.1577154341212008 -1.9102473918901524 1.8523423765582265 -1.5629339206716395 1.0782736184846726 0.08974455449788366 -1.8871971581611433 -1.1658652510959655e-05 -1.1658652510959655e-05 -1.1658652510959655e-05 -1.1658652510959655e-05 -1.1658652510959655e-05 
1649077011.091757 4.634552153547702 -0.1743319615998189 0.8595990779140266 -0.003667099757876713 -0.231561733817216 -3.415287955882377 3.820459807822772 -0.231561733817216 1.0583433153879014 0.08990753594844136 -1.8872902904186049 -1.1658652510959655e-05 -1.1658652510959655e-05 -1.1658652510959655e-05 -1.1658652510959655e-05 -1.1658652510959655e-05 
1649077011.108875 4.646589497824607 -0.5248584957007552 0.8554546924569877 -0.06352785825583851 -2.9522110886100563 -3.878388106219063 4.283559958159458 2.1417741497498355 1.0384130122838542 0.09023349884955678 -1.8863822509083548 -1.1658652510959655e-05 -1.1658652510959655e-05 -1.1658652510959655e-05 -1.1658652510959655e-05 -1.1658652510959655e-05 
1649077011.141113 2.6223133153034723 0.19707948124414543 0.8601345883944305 0.006856845335278194 -4.630896746682993 -6.251700706729025 3.473146336604259 5.499168748960074 1.0099145414933446 0.08944187466113362 -1.8855906267199316 -1.1658652510959655e-05 -1.1658652510959655e-05 -1.1658652510959655e-05 -1.1658652510959655e-05 -1.1658652510959655e-05 
1649077011.1581903 3.3446005382138537 0.4933797584308195 0.858481490824488 0.05807958695368143 -7.062114328284224 -4.7466601427368005 5.672813843033509 6.888422633834125 0.9932205843433621 0.08939530853240285 -1.8865452323589125 -1.1658652510959655e-05 -1.1658652510959655e-05 -1.1658652510959655e-05 -1.1658652510959655e-05 -1.1658652510959655e-05 
1649077011.18256 3.6097015091363573 -1.5790690842768527 0.8586677553394111 0.01591395738068968 -8.104054741939763 -5.441310368238192 5.3255003718149965 8.798681650136132 0.9718001651199302 0.08944187466113362 -1.887779234770278 -1.1658652510959655e-05 -1.1658652510959655e-05 -1.1658652510959655e-05 -1.1658652510959655e-05 -1.1658652510959655e-05 
1649077011.1986685 -1.018994970843778 0.23053724474448245 0.8575036021211417 0.022572913789190352 -9.088113457568397 -5.962268933537416 5.093973579714657 8.798681650136132 0.9631388651760062 0.08934874240367208 -1.8880353484782972 -1.1658652510959655e-05 -1.1658652510959655e-05 -1.1658652510959655e-05 -1.1658652510959655e-05 -1.1658652510959655e-05 
1649077011.2220514 -1.018994970843778 0.23053724474448245 0.8575036021211417 0.022572913789190352 -9.088113457568397 -5.962268933537416 5.093973579714657 8.798681650136132 0.9631388651760062 0.08934874240367208 -1.8880353484782972 -1.1658652510959655e-05 -1.1658652510959655e-05 -1.1658652510959655e-05 -1.1658652510959655e-05 -1.1658652510959655e-05 
1649077011.2390783 -1.018994970843778 0.23053724474448245 0.8575036021211417 0.022572913789190352 -9.088113457568397 -5.962268933537416 5.093973579714657 8.798681650136132 0.9631388651760062 0.08934874240367208 -1.8880353484782972 -1.1658652510959655e-05 -1.1658652510959655e-05 -1.1658652510959655e-05 -1.1658652510959655e-05 -1.1658652510959655e-05 
1649077011.2641516 -1.018994970843778 0.23053724474448245 0.8575036021211417 0.022572913789190352 -9.088113457568397 -5.962268933537416 5.093973579714657 8.798681650136132 0.9631388651760062 0.08934874240367208 -1.8880353484782972 -1.1658652510959655e-05 -1.1658652510959655e-05 -1.1658652510959655e-05 -1.1658652510959655e-05 -1.1658652510959655e-05 
1649077011.2805276 -1.018994970843778 0.23053724474448245 0.8575036021211417 0.022572913789190352 -9.088113457568397 -5.962268933537416 5.093973579714657 8.798681650136132 0.9631388651760062 0.08934874240367208 -1.8880353484782972 -1.1658652510959655e-05 -1.1658652510959655e-05 -1.1658652510959655e-05 -1.1658652510959655e-05 -1.1658652510959655e-05 
1649077011.30405 -1.018994970843778 0.23053724474448245 0.8575036021211417 0.022572913789190352 -9.088113457568397 -5.962268933537416 5.093973579714657 8.798681650136132 0.9631388651760062 0.08934874240367208 -1.8880353484782972 -1.1658652510959655e-05 -1.1658652510959655e-05 -1.1658652510959655e-05 -1.1658652510959655e-05 -1.1658652510959655e-05 
1649077011.3203356 -1.018994970843778 0.23053724474448245 0.8575036021211417 0.022572913789190352 -9.088113457568397 -5.962268933537416 5.093973579714657 8.798681650136132 0.9631388651760062 0.08934874240367208 -1.8880353484782972 -1.1658652510959655e-05 -1.1658652510959655e-05 -1.1658652510959655e-05 -1.1658652510959655e-05 -1.1658652510959655e-05 
1649077011.3295588 -1.018994970843778 0.23053724474448245 0.8575036021211417 0.022572913789190352 -9.088113457568397 -5.962268933537416 5.093973579714657 8.798681650136132 0.9631388651760062 0.08934874240367208 -1.8880353484782972 -1.1658652510959655e-05 -1.1658652510959655e-05 -1.1658652510959655e-05 -1.1658652510959655e-05 -1.1658652510959655e-05 
1649077011.3538167 -2.121564484121336 -1.1354102926925407 0.8549424650409492 0.028929190360940993 -6.772682555085339 -3.646838031054358 4.109891581014381 6.541109162615612 0.9199953468923923 0.08953500691859517 -1.888687274280528 -1.1658652510959655e-05 -1.1658652510959655e-05 -1.1658652510959655e-05 -1.1658652510959655e-05 -1.1658652510959655e-05 
1649077011.37022 -0.2500484869306092 -1.00653853140102 0.8555478247144492 0.03977909835521132 -6.599014177947538 -3.588956333027454 3.704696411768964 6.598990860642516 0.943324977393786 0.0894884407898644 -1.8893857662114897 -1.1658652510959655e-05 -1.1658652510959655e-05 -1.1658652510959655e-05 -1.1658652510959655e-05 -1.1658652510959655e-05 
1649077011.43427 -5.719542987470049 -4.35960248063202 0.8329632522800239 -0.34706901616300456 5.499168748960074 1.7944606785313226 -2.1996791650817613 -5.441310368238192 1.0112183930978063 0.08564673516957555 -1.8844497565660276 -1.1658652510959655e-05 -1.1658652510959655e-05 -1.1658652510959655e-05 -1.1658652510959655e-05 -1.1658652510959655e-05 
1649077011.4842415 -2.7218018835992552 -1.6312697145986021 0.8394592272379668 -0.08147910088882782 5.499168748960074 3.936246486940945 -2.7206610134453513 -6.135937310675217 1.0442104953108355 0.08711356822459493 -1.875206380012969 -1.1658652510959655e-05 -1.1658652510959655e-05 -1.1658652510959655e-05 -1.1658652510959655e-05 -1.1658652510959655e-05 
1649077011.5259461 1.167168358253548 -0.9133364247245481 0.8460017683246406 0.13752140258293366 5.90436391820549 3.2995012425235473 -2.4312292402537423 -5.614955462311627 1.067051181460556 0.08799832467047963 -1.8807710323962965 -1.1658652510959655e-05 -1.1658652510959655e-05 -1.1658652510959655e-05 -1.1658652510959655e-05 -1.1658652510959655e-05 
1649077011.548882 1.8639606256838306 -0.2648565158669953 0.8462578820326598 0.11146765355806565 6.598990860642516 4.399323354213266 -3.8204831251277938 -7.525191195549269 1.0687508451592294 0.08820787224976812 -1.8831226218972006 -1.1658652510959655e-05 -1.1658652510959655e-05 -1.1658652510959655e-05 -1.1658652510959655e-05 -1.1658652510959655e-05 
1649077011.5817044 1.6281730327973492 -1.2612319725521957 0.846327731225756 0.050046929747622926 5.44128705093317 2.6627559981134254 -3.2416428618089412 -4.573015048656089 1.0573421436201897 0.08820787224976812 -1.8851016823682585 -1.1658652510959655e-05 -1.1658652510959655e-05 -1.1658652510959655e-05 -1.1658652510959655e-05 -1.1658652510959655e-05 
1649077011.6076162 1.4586956072453177 0.7852096872520633 0.8479109796026023 0.054493995041411836 2.1417741497498355 1.4471472073128098 -1.7944839958363445 -1.7944839958363445 1.0323361324844882 0.08816130612103734 -1.8868246291312971 -1.1658652510959655e-05 -1.1658652510959655e-05 -1.1658652510959655e-05 -1.1658652510959655e-05 -1.1658652510959655e-05 
1649077011.647023 5.725992362058605 0.367045851155126 0.8501694368460448 0.07991910133569036 0.520970189711079 -1.7366022978094406 0.6367335857576109 -0.7525202991164406 1.0047457012042287 0.08771892789809499 -1.888920104924182 -1.1658652510959655e-05 -1.1658652510959655e-05 -1.1658652510959655e-05 -1.1658652510959655e-05 -1.1658652510959655e-05 
1649077011.679693 3.940996232071484 0.2527260050919722 0.84777128121641 0.0323052346939221 -2.604874334327178 -2.546992636300274 2.7206376961403294 2.0838924517302075 0.9742681699426612 0.08799832467047963 -1.8904800702366629 -1.1658652510959655e-05 -1.1658652510959655e-05 -1.1658652510959655e-05 -1.1658652510959655e-05 -1.1658652510959655e-05 
1649077011.738492 0.715989136879216 0.3818771631558775 0.8487491699197562 0.0466010362142697 -7.467309497529641 -6.425369083866826 4.746636825431779 8.509249876944523 0.9094714017992374 0.08743953112571035 -1.8917606387767592 -1.1658652510959655e-05 -1.1658652510959655e-05 -1.1658652510959655e-05 -1.1658652510959655e-05 -1.1658652510959655e-05 
1649077011.7778566 1.5425146389752626 1.0211835446534678 0.8530565368273528 0.1034117132803658 -7.409427799502737 -7.75674127072125 6.020150597316388 8.277699801772542 0.8951988833432551 0.08657805774419103 -1.8942286436067661 0.08657805774419103 -1.1658652510959655e-05 -1.1658652510959655e-05 -1.1658652510959655e-05 -1.1658652510959655e-05 
1649077011.810413 -0.964116788120009 1.9365805034540244 0.8556642400362762 0.138685555801203 -8.393486515131372 -4.7466601427368005 4.572991731351067 8.509249876944523 0.8850940334014012 0.08650820855109487 -1.8983264629350742 -1.1658652510959655e-05 -1.1658652510959655e-05 -1.1658652510959655e-05 -1.1658652510959655e-05 -1.1658652510959655e-05 
1649077011.8302665 1.4407443646123284 -0.7221126170479693 0.856735260997084 0.10848742131202016 -8.161936439966667 -5.209760293066211 4.283559958159458 8.740776669044863 0.8820905180982663 0.08615896258561406 -1.9006780524359783 -1.1658652510959655e-05 -1.1658652510959655e-05 -1.1658652510959655e-05 -1.1658652510959655e-05 -1.1658652510959655e-05 
1649077011.8443515 -4.593806825141655 -0.4290719688797253 0.8551287295558723 0.04979081603960367 -6.888445951139147 -4.80456512382807 3.588933015722432 7.351522784170811 0.8864211680702283 0.0859261319419602 -1.9019586209760746 -1.1658652510959655e-05 -1.1658652510959655e-05 -1.1658652510959655e-05 -1.1658652510959655e-05 -1.1658652510959655e-05 
1649077011.8577907 -2.070644422339683 -1.1046300815942232 0.853731745693949 0.01598380657378584 -7.293664403448929 -5.036091915928409 3.2995012425235473 6.888422633834125 0.8904724212698056 0.08578643355576787 -1.9021216024266323 -1.1658652510959655e-05 -1.1658652510959655e-05 -1.1658652510959655e-05 -1.1658652510959655e-05 -1.1658652510959655e-05 
1649077011.8764176 -0.06743941306922352 2.1210755055290065 0.8526374416687759 -0.03947645275911782 -6.48325078189373 -3.994151502272871 4.16779656210565 6.193795691397099 0.9004375728254672 0.08587956581322942 -1.9017257903324207 -1.1658652510959655e-05 -1.1658652510959655e-05 -1.1658652510959655e-05 -1.1658652510959655e-05 -1.1658652510959655e-05 
1649077011.889479 0.5113310010565328 -0.9359209971662494 0.8505652489402564 -0.052445119617914315 -3.994151502272871 -3.646838031054358 2.2575375458036433 3.18371456341265 0.9150127711181995 0.08576315049140248 -1.9006082032428822 -1.1658652510959655e-05 -1.1658652510959655e-05 -1.1658652510959655e-05 -1.1658652510959655e-05 -1.1658652510959655e-05 
1649077011.905791 -0.1717242583836196 -0.23198082897579297 0.8504953997471603 -0.04851028174016392 -2.3154658441999345 -1.9681290899170563 1.8523423765582265 1.5629106033666176 0.9231152775173541 0.08578643355576787 -1.900119258891209 -1.1658652510959655e-05 -1.1658652510959655e-05 -1.1658652510959655e-05 -1.1658652510959655e-05 -1.1658652510959655e-05 
1649077011.9181712 -4.766869842605956 1.337460691065644 0.8497969078161987 -0.023504270604462363 1.5629106033666176 -1.0419520723080495 0.6367335857576109 0.4051835105929058 0.9409733878928819 0.08560016904084478 -1.8994207669602474 -1.1658652510959655e-05 -1.1658652510959655e-05 -1.1658652510959655e-05 -1.1658652510959655e-05 -1.1658652510959655e-05 
1649077011.9344995 -4.4491025800743955 -0.6629037843522383 0.8482835086324485 -0.021804606905789115 3.531028034631163 -0.2894434318441199 -0.463111808989197 -0.463111808989197 0.959879236164852 0.08473869565932546 -1.8990249548660358 -1.1658652510959655e-05 -1.1658652510959655e-05 -1.1658652510959655e-05 -1.1658652510959655e-05 -1.1658652510959655e-05 
1649077011.9556186 -3.5151490189673495 -0.0836444258748088 0.8479808287956985 -0.01891750692448113 2.894282790213765 1.0419287550030276 -1.0998570533993188 -1.6786973167254473 0.969867670777603 0.08455243114440236 -1.8988386903511127 -1.1658652510959655e-05 -1.1658652510959655e-05 -1.1658652510959655e-05 -1.1658652510959655e-05 -1.1658652510959655e-05 
1649077011.9672666 -1.2732460337720113 -0.46432252833619714 0.8495640771725448 0.011443609015259426 4.225678260132554 2.6627559981134254 -1.8523656938632485 -3.588956333027454 0.9901006537184003 0.08438944969384465 -1.8988154072867474 -1.1658652510959655e-05 -1.1658652510959655e-05 -1.1658652510959655e-05 -1.1658652510959655e-05 -1.1658652510959655e-05 
1649077011.9910731 -2.107408380979905 0.06329499337152811 0.8517759682872565 0.061478914351027925 5.962245616232394 3.820459807822772 -2.546992636300274 -4.7466601427368005 1.0092393326267484 0.0844825819513062 -1.8998864282475552 -1.1658652510959655e-05 -1.1658652510959655e-05 -1.1658652510959655e-05 -1.1658652510959655e-05 -1.1658652510959655e-05 
1649077012.0243835 -0.2814806238311576 -1.6073580074880738 0.8524278940894874 0.07572814974264475 7.235736105052638 5.093973579714657 -4.573015048656089 -7.75674127072125 1.0350835340796039 0.08434288356511388 -1.9020284701691708 -1.1658652510959655e-05 -1.1658652510959655e-05 -1.1658652510959655e-05 -1.1658652510959655e-05 -1.1658652510959655e-05 
1649077012.0326855 -1.2938282626710134 -1.392012945121678 0.8530332537629874 0.054656976491969544 8.62501327299833 5.730718824124779 -4.515133350629185 -9.666977003958891 1.047609822708182 0.08476197872369085 -1.9032857556449017 -1.1658652510959655e-05 -1.1658652510959655e-05 -1.1658652510959655e-05 -1.1658652510959655e-05 -1.1658652510959655e-05 
1649077012.072824 -2.784130646919948 -0.33386751866783015 0.8472357707360061 -0.03863826244196389 8.509249876944523 4.978186900596484 -5.325523689120018 -9.435450211851276 1.0623014363300172 0.08511122468917165 -1.90319262338744 -1.1658652510959655e-05 -1.1658652510959655e-05 -1.1658652510959655e-05 -1.1658652510959655e-05 -1.1658652510959655e-05 
1649077012.105893 -1.2426288041242515 1.7865910027758218 0.8466536941268714 -0.04941832125041401 7.467286180224619 4.862423504542676 -4.457228369537916 -8.104054741939763 1.0670977475892869 0.08543718759028707 -1.9013532613025745 -1.1658652510959655e-05 -1.1658652510959655e-05 -1.1658652510959655e-05 -1.1658652510959655e-05 -1.1658652510959655e-05 
1649077012.1717782 0.5645560862103594 -0.08995413631782867 0.8486793207266601 0.032584631466306746 5.7886005221516825 3.588933015722432 -2.4891109382806462 -6.251700706729025 1.0536634194504586 0.08578643355576787 -1.9032857556449017 -1.1658652510959655e-05 -1.1658652510959655e-05 -1.1658652510959655e-05 -1.1658652510959655e-05 -1.1658652510959655e-05 
1649077012.186936 1.627567673123849 0.850961061034468 0.8488423021772178 0.035122485482133925 5.3833820698419 3.357382940550451 -3.125856182690768 -6.0201739146214095 1.0444433259544894 0.0859028488775948 -1.9036582846747478 -1.1658652510959655e-05 -1.1658652510959655e-05 -1.1658652510959655e-05 -1.1658652510959655e-05 -1.1658652510959655e-05 
1649077012.2024815 1.6785575840985985 -1.1215568693951354 0.8502160029747756 0.031280779861845076 2.4312059229487204 0.8682836609295919 -0.7525202991164406 -1.3313838455069344 1.0242801922140643 0.0859261319419602 -1.904333493541344 -1.1658652510959655e-05 -1.1658652510959655e-05 -1.1658652510959655e-05 -1.1658652510959655e-05 -1.1658652510959655e-05 
1649077012.2172651 1.6785575840985985 -1.1215568693951354 0.8502160029747756 0.031280779861845076 2.4312059229487204 0.8682836609295919 -0.7525202991164406 -1.3313838455069344 1.0242801922140643 0.0859261319419602 -1.904333493541344 -1.1658652510959655e-05 -1.1658652510959655e-05 -1.1658652510959655e-05 -1.1658652510959655e-05 -1.1658652510959655e-05 
1649077012.2288153 1.6785575840985985 -1.1215568693951354 0.8502160029747756 0.031280779861845076 2.4312059229487204 0.8682836609295919 -0.7525202991164406 -1.3313838455069344 1.0242801922140643 0.0859261319419602 -1.904333493541344 -1.1658652510959655e-05 -1.1658652510959655e-05 -1.1658652510959655e-05 -1.1658652510959655e-05 -1.1658652510959655e-05 
1649077012.2452004 1.6785575840985985 -1.1215568693951354 0.8502160029747756 0.031280779861845076 2.4312059229487204 0.8682836609295919 -0.7525202991164406 -1.3313838455069344 1.0242801922140643 0.0859261319419602 -1.904333493541344 -1.1658652510959655e-05 -1.1658652510959655e-05 -1.1658652510959655e-05 -1.1658652510959655e-05 -1.1658652510959655e-05 
1649077012.2665133 1.6785575840985985 -1.1215568693951354 0.8502160029747756 0.031280779861845076 2.4312059229487204 0.8682836609295919 -0.7525202991164406 -1.3313838455069344 1.0242801922140643 0.0859261319419602 -1.904333493541344 -1.1658652510959655e-05 -1.1658652510959655e-05 -1.1658652510959655e-05 -1.1658652510959655e-05 -1.1658652510959655e-05 
1649077012.2829688 1.6785575840985985 -1.1215568693951354 0.8502160029747756 0.031280779861845076 2.4312059229487204 0.8682836609295919 -0.7525202991164406 -1.3313838455069344 1.0242801922140643 0.0859261319419602 -1.904333493541344 -1.1658652510959655e-05 -1.1658652510959655e-05 -1.1658652510959655e-05 -1.1658652510959655e-05 -1.1658652510959655e-05 
1649077012.315979 1.6785575840985985 -1.1215568693951354 0.8502160029747756 0.031280779861845076 2.4312059229487204 0.8682836609295919 -0.7525202991164406 -1.3313838455069344 1.0242801922140643 0.0859261319419602 -1.904333493541344 -1.1658652510959655e-05 -1.1658652510959655e-05 -1.1658652510959655e-05 -1.1658652510959655e-05 -1.1658652510959655e-05 
1649077012.3317423 1.6785575840985985 -1.1215568693951354 0.8502160029747756 0.031280779861845076 2.4312059229487204 0.8682836609295919 -0.7525202991164406 -1.3313838455069344 1.0242801922140643 0.0859261319419602 -1.904333493541344 -1.1658652510959655e-05 -1.1658652510959655e-05 -1.1658652510959655e-05 -1.1658652510959655e-05 -1.1658652510959655e-05 
1649077012.3481696 1.8643564377780422 -0.17302810999535723 0.8429982530215057 0.016402901732362807 -6.714800857065711 -4.80456512382807 4.572991731351067 7.177854407025734 0.9142909961228725 0.0864383593579987 -1.9020750362979015 -1.1658652510959655e-05 -1.1658652510959655e-05 -1.1658652510959655e-05 -1.1658652510959655e-05 -1.1658652510959655e-05 
1649077012.399438 -4.821142665656225 0.2783606589655392 0.839831756267813 -0.021967588356346823 -6.251700706729025 -4.630896746682993 3.588933015722432 6.3674640685349 0.9048380719905253 0.08562345210521016 -1.9019120548473438 -1.1658652510959655e-05 -1.1658652510959655e-05 -1.1658652510959655e-05 -1.1658652510959655e-05 -1.1658652510959655e-05 
1649077012.4484398 -2.8378213933610823 0.1502572387980763 0.8398783223965438 0.011653156594547909 -4.9782102179015055 -2.4891109382806462 2.4312059229487204 4.109891581014381 0.9237206371981301 0.08506465856044088 -1.90107386453019 -1.1658652510959655e-05 -1.1658652510959655e-05 -1.1658652510959655e-05 -1.1658652510959655e-05 -1.1658652510959655e-05 
1649077012.4742708 -0.9497278543349239 -0.6527290852245642 0.8365488441922935 -0.003923213465895969 -0.6367569030626328 -0.4052068278979277 0.4630884916841751 -0.6946386010895367 0.9497743862229981 0.08529748920409475 -1.9012368459807476 -1.1658652510959655e-05 -1.1658652510959655e-05 -1.1658652510959655e-05 -1.1658652510959655e-05 -1.1658652510959655e-05 
1649077012.5395935 -2.3067346950629144 0.1641572282242123 0.8399714546540054 0.05468025955633493 4.630873429377971 4.630873429377971 -2.6627793154184474 -6.946350932230416 1.0175746696768329 0.08795175854174886 -1.9051018346654018 -1.1658652510959655e-05 -1.1658652510959655e-05 -1.1658652510959655e-05 -1.1658652510959655e-05 -1.1658652510959655e-05 
1649077012.5953488 -0.302807910797128 -0.3727968022940331 0.8440692739823135 0.07922060940472875 8.335581499799446 5.846482220178586 -4.630896746682993 -7.698859572694346 1.0588089766752091 0.08918576095311437 -1.9074767072306713 -1.1658652510959655e-05 -1.1658652510959655e-05 -1.1658652510959655e-05 -1.1658652510959655e-05 -1.1658652510959655e-05 
1649077012.6280937 -3.0511408291204134 -2.39684015417879 0.8409027772286208 0.011839421109471004 7.872504632534401 4.978186900596484 -4.862446821847698 -9.20390013668657 1.0715215298187104 0.0894884407898644 -1.908477878998383 -1.1658652510959655e-05 -1.1658652510959655e-05 -1.1658652510959655e-05 -1.1658652510959655e-05 -1.1658652510959655e-05 
1649077012.654273 -1.0672374802161357 0.774965138931293 0.8396687748172553 -0.010698585196223576 8.451344895853254 4.515110033324163 -4.109914898319403 -7.814622968748154 1.0799965652549872 0.08960485611169133 -1.9080355007754406 -1.1658652510959655e-05 -1.1658652510959655e-05 -1.1658652510959655e-05 -1.1658652510959655e-05 -1.1658652510959655e-05 
1649077012.6770253 4.763633462418511 -4.2491476232607965 0.8415779860952171 0.014773087219509762 7.988268028580933 4.283559958159458 -3.531051351936185 -8.104054741939763 1.078296901549038 0.08965142224042211 -1.9082217652903637 -1.1658652510959655e-05 -1.1658652510959655e-05 -1.1658652510959655e-05 -1.1658652510959655e-05 -1.1658652510959655e-05 
1649077012.6931362 1.0466785001335666 -0.2506072804753785 0.8436967449524673 0.08047789488045964 7.583072859335516 4.16779656210565 -4.80456512382807 -5.614955462311627 1.072522701586422 0.08939530853240285 -1.909385918508633 -1.1658652510959655e-05 -1.1658652510959655e-05 -1.1658652510959655e-05 -1.1658652510959655e-05 -1.1658652510959655e-05 
1649077012.7032201 2.7510220951444353 -4.3774373079431825 0.8465605618694099 0.11055961404781556 7.004209312952298 4.688755127404875 -4.28358327546448 -5.614955462311627 1.0677496733915177 0.08925561014621053 -1.9105035055981716 -1.1658652510959655e-05 -1.1658652510959655e-05 -1.1658652510959655e-05 -1.1658652510959655e-05 -1.1658652510959655e-05 
1649077012.726247 1.6608624551736284 -0.4030647859763121 0.84746860137966 0.130140671179106 6.3674640685349 3.473146336604259 -3.299524559828569 -6.0201739146214095 1.0543386283170548 0.08932545933930669 -1.9130180765496334 -1.1658652510959655e-05 -1.1658652510959655e-05 -1.1658652510959655e-05 -1.1658652510959655e-05 -1.1658652510959655e-05 
1649077012.7422245 3.048859054571949 -0.11314406843303004 0.8487026037910255 0.14478571867221035 4.052009882987477 2.6627559981134254 -2.778542711472255 -3.357406257855473 1.0464922356186435 0.08927889321057592 -1.9144616265402874 -1.1658652510959655e-05 -1.1658652510959655e-05 -1.1658652510959655e-05 -1.1658652510959655e-05 -1.1658652510959655e-05 
1649077012.8432763 1.3604410755942808 -1.6092672187660355 0.8424860256054671 -0.09968645722256042 -3.646838031054358 -2.3154658441999345 1.6786739994204254 3.473146336604259 0.9699142369063338 0.08939530853240285 -1.9173720095859608 -1.1658652510959655e-05 -1.1658652510959655e-05 -1.1658652510959655e-05 -1.1658652510959655e-05 -1.1658652510959655e-05 
1649077012.8667922 1.5979981813725317 0.1160311341736815 0.8422299118974479 -0.015075801296916325 -6.425369083866826 -5.2676419910931145 4.746636825431779 6.483227464588708 0.934966357286612 0.08925561014621053 -1.915276533793076 -1.1658652510959655e-05 -1.1658652510959655e-05 -1.1658652510959655e-05 -1.1658652510959655e-05 -1.1658652510959655e-05 
1649077012.8897178 3.9145466709451284 -0.9311246859069797 0.8427421393134864 0.0037369147103163414 -6.772682555085339 -6.0201739146214095 5.151855277741561 6.714777539760689 0.9291223081308999 0.08918576095311437 -1.9153230999218067 -1.1658652510959655e-05 -1.1658652510959655e-05 -1.1658652510959655e-05 -1.1658652510959655e-05 -1.1658652510959655e-05 
1649077012.8994608 1.2207194063084899 -1.9228435297118267 0.8412985893228324 0.0023632139127585106 -6.714800857065711 -4.28358327546448 6.193795691397099 6.193795691397099 0.9205308573727962 0.0894884407898644 -1.9154860813723644 -1.1658652510959655e-05 -1.1658652510959655e-05 -1.1658652510959655e-05 -1.1658652510959655e-05 -1.1658652510959655e-05 
1649077012.9248261 -1.4329678553549456 1.1650961655250285 0.8386443199851783 -0.022712646416039206 -7.409427799502737 -4.573015048656089 2.9521877713050344 7.177854407025734 0.9151524695043918 0.08958157304732595 -1.9151135523425182 -1.1658652510959655e-05 -1.1658652510959655e-05 -1.1658652510959655e-05 -1.1658652510959655e-05 -1.1658652510959655e-05 
1649077012.9485836 -1.993088534924027 -0.26162016992020654 0.8338247256615432 -0.09284123629913665 -6.656919159038807 -4.399346671518288 2.604851017022156 5.3255003718149965 0.9124982001667377 0.08885979805199895 -1.9130180765496334 -1.1658652510959655e-05 -1.1658652510959655e-05 -1.1658652510959655e-05 -1.1658652510959655e-05 -1.1658652510959655e-05 
1649077012.964892 -1.262279710448638 -0.43933980026486097 0.8278875442410936 -0.16266714634548407 -6.309582404755929 -4.28358327546448 2.4312059229487204 4.92030520256958 0.9185517969017383 0.08888308111636434 -1.9101775426970562 -1.1658652510959655e-05 -1.1658652510959655e-05 -1.1658652510959655e-05 -1.1658652510959655e-05 -1.1658652510959655e-05 
1649077012.988527 -0.8355011405365076 -0.29063086812675465 0.8254195394183625 -0.19633445742510958 -5.7886238394567044 -4.225701577437576 2.0260107537033036 4.92030520256958 0.923650788005034 0.0887666657945374 -1.9082217652903637 -1.1658652510959655e-05 -1.1658652510959655e-05 -1.1658652510959655e-05 -1.1658652510959655e-05 -1.1658652510959655e-05 
1649077013.0203006 -4.023418314187438 0.5378969775047153 0.8165952580238809 -0.20893059525405988 -1.6208156186985434 -1.6208156186985434 0.9261653589564958 0.4630884916841751 0.9485869499403634 0.08855711821524892 -1.8994207669602474 -1.1658652510959655e-05 -1.1658652510959655e-05 -1.1658652510959655e-05 -1.1658652510959655e-05 -1.1658652510959655e-05 
1649077013.0368721 -4.346261284750653 1.048867108191189 0.8152448402906884 -0.18457650992058916 -0.5788752050357289 -1.6208156186985434 0.520970189711079 0.810401962902688 0.9574577974708518 0.08846398595778737 -1.8975581218110165 -1.1658652510959655e-05 -1.1658652510959655e-05 -1.1658652510959655e-05 -1.1658652510959655e-05 -1.1658652510959655e-05 
1649077013.0691342 -2.8493930763506796 -0.12436650545714656 0.8163857104445924 -0.05349285751435673 2.3154425268949126 2.5469693189952523 -1.4471705246178317 -2.7206610134453513 0.9858864190682652 0.0884174198290566 -1.894577889572247 -1.1658652510959655e-05 -1.1658652510959655e-05 -1.1658652510959655e-05 -1.1658652510959655e-05 -1.1658652510959655e-05 
1649077013.085373 -1.896813063751324 1.1920579540674225 0.8166883902813424 0.010139757410797756 3.646814713749336 2.3154425268949126 -2.4312292402537423 -3.531051351936185 1.0044197383031133 0.08851055208651815 -1.894577889572247 -1.1658652510959655e-05 -1.1658652510959655e-05 -1.1658652510959655e-05 -1.1658652510959655e-05 -1.1658652510959655e-05 
1649077013.1187303 -1.0436284529423574 -0.7139868275844492 0.8149654435183038 -0.0018044546086457558 5.730718824124779 4.109891581014381 -3.646838031054358 -6.830564253112243 1.0327086615143344 0.08874338273017202 -1.89476415408717 -1.1658652510959655e-05 -1.1658652510959655e-05 -1.1658652510959655e-05 -1.1658652510959655e-05 -1.1658652510959655e-05 
1649077013.12843 -0.529119296479621 -0.9803450839826837 0.8137081580425729 -0.019196903696865775 7.583072859335516 4.515110033324163 -5.4991920662650955 -7.930409647859051 1.0480522009311244 0.08865025047271047 -1.8944149081216892 -1.1658652510959655e-05 -1.1658652510959655e-05 -1.1658652510959655e-05 -1.1658652510959655e-05 -1.1658652510959655e-05 
1649077013.1448336 -3.2875570647447603 0.589748361860984 0.8117523806358804 -0.02506423591694329 8.972326744216844 4.92030520256958 -4.515133350629185 -8.451368213158275 1.06067162182444 0.08855711821524892 -1.8938793976412853 -1.1658652510959655e-05 -1.1658652510959655e-05 -1.1658652510959655e-05 -1.1658652510959655e-05 -1.1658652510959655e-05 
1649077013.1671548 -0.9989249693535385 0.10366782698838506 0.813894422557496 -0.0011758118707803078 8.046149726607837 4.978186900596484 -4.457228369537916 -8.393486515131372 1.0656309145342675 0.08862696740834508 -1.8938793976412853 -1.1658652510959655e-05 -1.1658652510959655e-05 -1.1658652510959655e-05 -1.1658652510959655e-05 -1.1658652510959655e-05 
1649077013.1829567 0.48064392221567687 0.7175956683204276 0.817200617697381 0.05302716198639246 8.567131574971427 6.020150597316388 -4.457228369537916 -8.277723119077564 1.0721268894922105 0.08902277950255666 -1.8947408710228046 -1.1658652510959655e-05 -1.1658652510959655e-05 -1.1658652510959655e-05 -1.1658652510959655e-05 -1.1658652510959655e-05 
1649077013.2153227 -0.036892032614559866 1.6459612939797807 0.8176895620490541 0.09635694477765355 8.277699801772542 5.209736975761189 -4.28358327546448 -7.988291345885955 1.0735238733541337 0.08911591176001821 -1.8956954766617855 -1.1658652510959655e-05 -1.1658652510959655e-05 -1.1658652510959655e-05 -1.1658652510959655e-05 -1.1658652510959655e-05 
1649077013.23134 -0.036892032614559866 1.6459612939797807 0.8176895620490541 0.09635694477765355 8.277699801772542 5.209736975761189 -4.28358327546448 -7.988291345885955 1.0735238733541337 0.08911591176001821 -1.8956954766617855 -1.1658652510959655e-05 -1.1658652510959655e-05 -1.1658652510959655e-05 -1.1658652510959655e-05 -1.1658652510959655e-05 
1649077013.2429912 -0.036892032614559866 1.6459612939797807 0.8176895620490541 0.09635694477765355 8.277699801772542 5.209736975761189 -4.28358327546448 -7.988291345885955 1.0735238733541337 0.08911591176001821 -1.8956954766617855 -1.1658652510959655e-05 -1.1658652510959655e-05 -1.1658652510959655e-05 -1.1658652510959655e-05 -1.1658652510959655e-05 
1649077013.266211 -0.036892032614559866 1.6459612939797807 0.8176895620490541 0.09635694477765355 8.277699801772542 5.209736975761189 -4.28358327546448 -7.988291345885955 1.0735238733541337 0.08911591176001821 -1.8956954766617855 -1.1658652510959655e-05 -1.1658652510959655e-05 -1.1658652510959655e-05 -1.1658652510959655e-05 -1.1658652510959655e-05 
1649077013.2990947 -0.036892032614559866 1.6459612939797807 0.8176895620490541 0.09635694477765355 8.277699801772542 5.209736975761189 -4.28358327546448 -7.988291345885955 1.0735238733541337 0.08911591176001821 -1.8956954766617855 -1.1658652510959655e-05 -1.1658652510959655e-05 -1.1658652510959655e-05 -1.1658652510959655e-05 -1.1658652510959655e-05 
1649077013.347839 2.2266642024478642 -0.1725624487080495 0.8173403160835733 -0.013515835984435398 3.820459807822772 2.7785193941672333 -2.0839157690352295 -4.457228369537916 1.0922201740468154 0.09072244320122991 -1.901865488718613 -1.1658652510959655e-05 -1.1658652510959655e-05 -1.1658652510959655e-05 -1.1658652510959655e-05 -1.1658652510959655e-05 
1649077013.3737757 8.877285275455506 -0.04653122126183007 0.8227885531450738 0.08438944969384465 0.11575173740129685 -5.093996897019679 3.994128184967849 -1.1658652510959655e-05 1.0490999388348428 0.09032663110701833 -1.9032624725805363 -1.1658652510959655e-05 -1.1658652510959655e-05 -1.1658652510959655e-05 -1.1658652510959655e-05 -1.1658652510959655e-05 
1649077013.4066184 2.4564913308495306 0.8583185093739303 0.8281902240778436 0.2117012456728844 -0.9261886762615177 -9.088113457568397 7.235736105052638 2.1417741497498355 1.021858753520064 0.08965142224042211 -1.9082916144834599 -1.1658652510959655e-05 -1.1658652510959655e-05 -1.1658652510959655e-05 -1.1658652510959655e-05 -1.1658652510959655e-05 
1649077013.439326 4.799698929127771 -0.03607712536177132 0.8310540410020621 0.18709104663139442 -4.052033200292499 -4.341464973491384 4.862423504542676 4.225678260132554 1.0014395060643437 0.08944187466113362 -1.9144616265402874 -1.1658652510959655e-05 -1.1658652510959655e-05 -1.1658652510959655e-05 -1.1658652510959655e-05 -1.1658652510959655e-05 
1649077013.4791071 0.6647198291320819 -0.8578528823272791 0.8304486813285621 0.06541375222877832 -5.325523689120018 -1.7944839958363445 2.2575375458036433 4.862423504542676 0.9879353287324193 0.08939530853240285 -1.9186292950616917 -1.1658652510959655e-05 -1.1658652510959655e-05 -1.1658652510959655e-05 -1.1658652510959655e-05 -1.1658652510959655e-05 
1649077013.5444288 0.5259527654852718 -0.4412257284784573 0.8386210369208129 0.13454117034416413 -2.6627793154184474 -2.0260340710083256 2.3154425268949126 3.531028034631163 1.0037910955652478 0.08951172385422979 -1.92424051357375 -1.1658652510959655e-05 -1.1658652510959655e-05 -1.1658652510959655e-05 -1.1658652510959655e-05 -1.1658652510959655e-05 
1649077013.5536335 -2.0642415796392015 -0.020663736751885153 0.8399248885252746 0.13470415179472184 -1.7366022978094406 -1.4471705246178317 1.5629106033666176 2.7785193941672333 1.0160612704858067 0.08934874240367208 -1.9269413490474108 0.08934874240367208 -1.1658652510959655e-05 -1.1658652510959655e-05 -1.1658652510959655e-05 -1.1658652510959655e-05 
1649077013.569983 -2.401962428339175 -0.659876985984738 0.8404138328769477 0.09861540202109609 0.7524969818114187 -0.9840703742811456 -0.4052068278979277 0.810401962902688 1.0307761671720073 0.08890636418072972 -1.9291998062908533 -1.1658652510959655e-05 -1.1658652510959655e-05 -1.1658652510959655e-05 -1.1658652510959655e-05 -1.1658652510959655e-05 
1649077013.5903046 -3.2641110189215397 0.18276039665943244 0.8386210369208129 0.05931358936504694 0.9261653589564958 -0.057893356679414865 -0.9840703742811456 -0.11577505470631877 1.0392279195366427 0.08867353353707585 -1.929781882899988 -1.1658652510959655e-05 -1.1658652510959655e-05 -1.1658652510959655e-05 -1.1658652510959655e-05 -1.1658652510959655e-05 
1649077013.606907 -1.8260092649943545 0.6759422661634744 0.8353614079096587 -0.024319177857250907 3.18371456341265 0.520970189711079 -1.8523656938632485 -1.9102473918901524 1.0576681065213052 0.08813802305667195 -1.9297353167712572 -1.1658652510959655e-05 -1.1658652510959655e-05 -1.1658652510959655e-05 -1.1658652510959655e-05 -1.1658652510959655e-05 
1649077013.6405346 -1.2077507736976258 0.7571303116201307 0.8353614079096587 -0.04136238097271416 6.020150597316388 2.4890876209756243 -2.836424409499159 -4.167819879410672 1.0857940482819686 0.0875326633831719 -1.9282684837162378 -1.1658652510959655e-05 -1.1658652510959655e-05 -1.1658652510959655e-05 -1.1658652510959655e-05 -1.1658652510959655e-05 
1649077013.6582532 -0.4467670977974194 0.30851222732599126 0.8338014425971778 -0.020710302880615927 7.525167878244247 3.415264638577355 -2.9522110886100563 -5.557073764291999 1.1042808013880858 0.08725326661078725 -1.9277562563001993 -1.1658652510959655e-05 -1.1658652510959655e-05 -1.1658652510959655e-05 -1.1658652510959655e-05 -1.1658652510959655e-05 
1649077013.6905317 -1.6075442720029969 -0.24839538936066674 0.8364557119348319 0.03149032744113356 7.235736105052638 5.209736975761189 -3.588956333027454 -9.03023175954877 1.1294265109099797 0.0878819093486527 -1.9281055022656801 -1.1658652510959655e-05 -1.1658652510959655e-05 -1.1658652510959655e-05 -1.1658652510959655e-05 -1.1658652510959655e-05 
1649077013.717235 -0.2023880541601102 0.5169422195758671 0.8354778232314857 0.04923202249483438 8.39346319782635 5.846482220178586 -4.920328519874602 -8.740799986349884 1.147983113216469 0.08830100450722966 -1.9296421845137957 -1.1658652510959655e-05 -1.1658652510959655e-05 -1.1658652510959655e-05 -1.1658652510959655e-05 -1.1658652510959655e-05 
1649077013.7334228 2.1376763304215274 -2.6866910225289757 0.836641976449755 0.034423993551172316 8.567131574971427 5.672813843033509 -5.036091915928409 -9.146018438659667 1.1568772438040469 0.08865025047271047 -1.9303639595091227 -1.1658652510959655e-05 -1.1658652510959655e-05 -1.1658652510959655e-05 -1.1658652510959655e-05 -1.1658652510959655e-05 
1649077013.7725239 -0.7493305192983826 -0.887934601494635 0.8355243893602164 0.04359752091113478 7.235736105052638 4.341441656186362 -3.415287955882377 -7.698859572694346 1.1598807591071818 0.0891391948243836 -1.9316910941779497 -1.1658652510959655e-05 -1.1658652510959655e-05 -1.1658652510959655e-05 -1.1658652510959655e-05 -1.1658652510959655e-05 
1649077013.7890224 4.991458247284754 0.06497137400583597 0.8353381248452934 0.011420325950894039 7.293641086143907 4.457205052232894 -4.225701577437576 -7.930409647859051 1.1541531252732966 0.08932545933930669 -1.9321800385296228 -1.1658652510959655e-05 -1.1658652510959655e-05 -1.1658652510959655e-05 -1.1658652510959655e-05 -1.1658652510959655e-05 
1649077013.805527 0.10064102862088475 0.27023486950201914 0.8353381248452934 0.010675267891201656 7.293641086143907 4.283559958159458 -4.630896746682993 -7.293664403448929 1.1440249922743533 0.08925561014621053 -1.932249887722719 -1.1658652510959655e-05 -1.1658652510959655e-05 -1.1658652510959655e-05 -1.1658652510959655e-05 -1.1658652510959655e-05 
1649077013.8152943 0.017427356564439833 -2.5248737251531566 0.836036616776255 0.019615964614786208 6.135913993370195 3.704696411768964 -3.994151502272871 -6.656919159038807 1.137203054408019 0.08927889321057592 -1.932436152237642 -1.1658652510959655e-05 -1.1658652510959655e-05 -1.1658652510959655e-05 -1.1658652510959655e-05 -1.1658652510959655e-05 
1649077013.8423455 1.6996986065423698 1.1836760508958832 0.8355011062958511 0.02727609279099852 3.415264638577355 3.357382940550451 -2.546992636300274 -4.28358327546448 1.1226744222440175 0.08953500691859517 -1.9329483796536806 -1.1658652510959655e-05 -1.1658652510959655e-05 -1.1658652510959655e-05 -1.1658652510959655e-05 -1.1658652510959655e-05 
1649077013.9050713 3.512448149260308 -0.9968993427537498 0.8275150152112474 -0.09710203707800247 -1.9102473918901524 -1.2735021474800305 2.604851017022156 0.9840470569761237 1.0647228750240174 0.090908707716153 -1.9329018135249498 -1.1658652510959655e-05 -1.1658652510959655e-05 -1.1658652510959655e-05 -1.1658652510959655e-05 -1.1658652510959655e-05 
1649077013.9219484 1.4364602807690972 0.5023437382114935 0.8254195394183625 -0.1341221094262437 -3.067974484663864 -2.0839157690352295 0.578851887730707 2.4312059229487204 1.0543619113814202 0.09086214158742223 -1.9315513957917574 -1.1658652510959655e-05 -1.1658652510959655e-05 -1.1658652510959655e-05 -1.1658652510959655e-05 -1.1658652510959655e-05 
1649077013.9383538 2.4566775953644537 -0.6041373298794497 0.826467277314805 -0.13014070541976253 -4.630896746682993 -3.76260142710089 3.0100694693319383 4.16779656210565 1.0348972695646808 0.09067587707249913 -1.9288272772610071 -1.1658652510959655e-05 -1.1658652510959655e-05 -1.1658652510959655e-05 -1.1658652510959655e-05 -1.1658652510959655e-05 
1649077013.9522886 1.0097282769784215 -0.33156249529565684 0.8262111636067857 -0.09207289517507888 -5.036091915928409 -4.862446821847698 3.646814713749336 4.978186900596484 1.0263989510713145 0.0905594617506722 -1.9278959546863916 -1.1658652510959655e-05 -1.1658652510959655e-05 -1.1658652510959655e-05 -1.1658652510959655e-05 -1.1658652510959655e-05 
1649077013.9623852 4.583771790152241 -0.48765215883759083 0.8277711289192666 0.016402901732362807 -5.614955462311627 -6.946350932230416 5.672813843033509 5.846482220178586 1.0111951100334409 0.0902102157851914 -1.9276631240427378 -1.1658652510959655e-05 -1.1658652510959655e-05 -1.1658652510959655e-05 -1.1658652510959655e-05 -1.1658652510959655e-05 
1649077014.0114954 -1.3538752856838983 -0.7260474549257196 0.8303788321354659 0.06874323043302866 -7.293664403448929 -4.457228369537916 3.588933015722432 7.872504632534401 0.988820085178304 0.08995410207717214 -1.9313651312768343 -1.1658652510959655e-05 -1.1658652510959655e-05 -1.1658652510959655e-05 -1.1658652510959655e-05 -1.1658652510959655e-05 
1649077014.052539 -2.4100416516739642 0.504602195454936 0.8285394700433244 0.013050140456471127 -6.599014177947538 -3.878388106219063 3.762578109795868 6.656895841733785 0.9889830666288617 0.08974455449788366 -1.9322033215939882 -1.1658652510959655e-05 -1.1658652510959655e-05 -1.1658652510959655e-05 -1.1658652510959655e-05 -1.1658652510959655e-05 
1649077014.0674958 0.2263230100943474 -1.136690861232637 0.826769957151555 -0.01684531419596169 -6.48325078189373 -4.109914898319403 3.2995012425235473 5.499168748960074 0.9928014891847852 0.08979112062661443 -1.9318540756285074 -1.1658652510959655e-05 -1.1658652510959655e-05 -1.1658652510959655e-05 -1.1658652510959655e-05 -1.1658652510959655e-05 
1649077014.0998418 0.5526118741909158 -0.4097470254491782 0.8260248990918626 -0.01556474564858945 -3.588956333027454 -2.836424409499159 3.0100694693319383 3.357382940550451 1.0101473721369985 0.08990753594844136 -1.9312952820837381 -1.1658652510959655e-05 -1.1658652510959655e-05 -1.1658652510959655e-05 -1.1658652510959655e-05 -1.1658652510959655e-05 
1649077014.1326916 -2.105056791479001 0.7315422238752944 0.8292845281030168 0.07183987799362512 2.4890876209756243 0.4051835105929058 -0.4052068278979277 0.6367335857576109 1.0432558896718547 0.08955828998296056 -1.9326922659456613 -1.1658652510959655e-05 -1.1658652510959655e-05 -1.1658652510959655e-05 -1.1658652510959655e-05 -1.1658652510959655e-05 
1649077014.1912317 -2.6284833616009564 0.13256210987310624 0.832311326477793 0.08194472793547902 4.746636825431779 3.125832865385746 -2.1417974670548574 -3.646838031054358 1.0903109627688536 0.08920904401747975 -1.9372324634969118 -1.1658652510959655e-05 -1.1658652510959655e-05 -1.1658652510959655e-05 -1.1658652510959655e-05 -1.1658652510959655e-05 
1649077014.2238777 -2.6284833616009564 0.13256210987310624 0.832311326477793 0.08194472793547902 4.746636825431779 3.125832865385746 -2.1417974670548574 -3.646838031054358 1.0903109627688536 0.08920904401747975 -1.9372324634969118 -1.1658652510959655e-05 -1.1658652510959655e-05 -1.1658652510959655e-05 -1.1658652510959655e-05 -1.1658652510959655e-05 
1649077014.2967575 -2.6284833616009564 0.13256210987310624 0.832311326477793 0.08194472793547902 4.746636825431779 3.125832865385746 -2.1417974670548574 -3.646838031054358 1.0903109627688536 0.08920904401747975 -1.9372324634969118 -1.1658652510959655e-05 -1.1658652510959655e-05 -1.1658652510959655e-05 -1.1658652510959655e-05 -1.1658652510959655e-05 
1649077014.3297987 -1.124234421797155 4.483445065779961 0.8467002602556022 0.05908075872139307 11.11411255261919 6.656895841733785 -5.846505537483608 -9.9564087771505 1.1961324903313653 0.09114153835980687 -1.9559287641823175 -1.1658652510959655e-05 -1.1658652510959655e-05 -1.1658652510959655e-05 -1.1658652510959655e-05 -1.1658652510959655e-05 
1649077014.3613327 -1.8423306931217667 -0.9627663703868166 0.8481438102462562 0.05540203455166193 7.119972709006106 5.3255003718149965 -4.109914898319403 -6.0201739146214095 1.1721975001564715 0.09170033190457616 -1.9588857133639976 -1.1658652510959655e-05 -1.1658652510959655e-05 -1.1658652510959655e-05 -1.1658652510959655e-05 -1.1658652510959655e-05 
1649077014.3937893 0.9049079211836215 -1.7654267315010657 0.8544768037536414 0.08874338273017202 5.5570504469869775 2.0838924517302075 -1.7944839958363445 -4.052033200292499 1.1430936696997378 0.09170033190457616 -1.961679681087844 -1.1658652510959655e-05 -1.1658652510959655e-05 -1.1658652510959655e-05 -1.1658652510959655e-05 -1.1658652510959655e-05 
1649077014.4102843 7.458229068179207 0.5009467543495703 0.8545233698823722 0.11533264224271988 3.18371456341265 -1.3313838455069344 2.0260107537033036 -3.357406257855473 1.1235591786899022 0.09193316254823003 -1.9639847044600174 -1.1658652510959655e-05 -1.1658652510959655e-05 -1.1658652510959655e-05 -1.1658652510959655e-05 -1.1658652510959655e-05 
1649077014.426213 5.3254305226219 0.37247080515226116 0.8556176739075454 0.12699745748977875 2.3733242249218165 -3.936269804245967 3.2416195445039193 -1.8523656938632485 1.1133611964978627 0.09186331335513387 -1.9652652730001137 -1.1658652510959655e-05 -1.1658652510959655e-05 -1.1658652510959655e-05 -1.1658652510959655e-05 -1.1658652510959655e-05 
1649077014.436259 4.691083433841413 0.33132963041134644 0.8631381037048413 0.18762655711179832 1.2155971321481047 -6.714800857065711 4.16779656210565 0.578851887730707 1.09280225065595 0.0910949722310761 -1.968478335882537 -1.1658652510959655e-05 -1.1658652510959655e-05 -1.1658652510959655e-05 -1.1658652510959655e-05 -1.1658652510959655e-05 
1649077014.4527116 4.62931346406549 -0.11775411517737666 0.8738715963772847 0.3449502230650978 -1.0998570533993188 -6.425369083866826 3.820459807822772 3.820459807822772 1.0727322491657105 0.09000066820590291 -1.974555215681903 -1.1658652510959655e-05 -1.1658652510959655e-05 -1.1658652510959655e-05 -1.1658652510959655e-05 -1.1658652510959655e-05 
1649077014.4691722 3.9676786238414934 -0.7420429201520164 0.8789240213445737 0.4184082911524456 -2.0260340710083256 -6.946350932230416 4.283559958159458 4.341441656186362 1.0631861927759019 0.08946515772549901 -1.9787228842033073 -1.1658652510959655e-05 -1.1658652510959655e-05 -1.1658652510959655e-05 -1.1658652510959655e-05 -1.1658652510959655e-05 
1649077014.4853625 1.9329716284773895 -2.176326251523278 0.8876784535459592 0.46476487231848296 -3.531051351936185 -4.167819879410672 5.0360685986233875 6.830540935807221 1.0457006114302203 0.08867353353707585 -1.9881059591498342 -1.1658652510959655e-05 -1.1658652510959655e-05 -1.1658652510959655e-05 -1.1658652510959655e-05 -1.1658652510959655e-05 
1649077014.5088944 3.4137745224579703 -0.27007192229211796 0.892241934168851 0.41547462504240684 -6.078055612648313 -4.7466601427368005 5.614932145006605 7.756717953416228 1.0309857147512957 0.08858040127961431 -1.9966741268362966 -1.1658652510959655e-05 -1.1658652510959655e-05 -1.1658652510959655e-05 -1.1658652510959655e-05 -1.1658652510959655e-05 
1649077014.526517 1.7837039027945139 -2.582662290922599 0.8946866559272166 0.3711203874190687 -5.209760293066211 -4.688778444709897 4.746636825431779 8.161913122661645 1.024978684145026 0.08834757063596044 -2.0003994171347586 -1.1658652510959655e-05 -1.1658652510959655e-05 -1.1658652510959655e-05 -1.1658652510959655e-05 -1.1658652510959655e-05 
1649077014.5616589 0.33186514089175034 -1.3079843658124446 0.9044189768319484 0.28236534603638574 -6.193819008702121 -4.920328519874602 3.473146336604259 9.088090140263375 1.0081217455372098 0.08713685128896032 -2.012460044476029 -1.1658652510959655e-05 -1.1658652510959655e-05 -1.1658652510959655e-05 -1.1658652510959655e-05 -1.1658652510959655e-05 
1649077014.5755105 -0.9875395508788642 -1.7513171944956412 0.9054667147283908 0.2564745784547995 -6.599014177947538 -5.4991920662650955 3.473146336604259 8.798681650136132 1.0078423487648251 0.08669447306601796 -2.015044464620587 -1.1658652510959655e-05 -1.1658652510959655e-05 -1.1658652510959655e-05 -1.1658652510959655e-05 -1.1658652510959655e-05 
1649077014.583442 0.6371992470449186 1.4776480216387426 0.9056995453720447 0.18667195147281745 -5.672837160338531 -4.7466601427368005 3.762578109795868 7.467286180224619 1.0114046576127294 0.08597269807069097 -2.0191655670205364 -1.1658652510959655e-05 -1.1658652510959655e-05 -1.1658652510959655e-05 -1.1658652510959655e-05 -1.1658652510959655e-05 
1649077014.6047761 -1.671642548215459 -0.9089592086238554 0.9070965292339679 0.165041984670097 -5.4991920662650955 -4.573015048656089 2.7785193941672333 6.656895841733785 1.0150135325893643 0.08569330129830632 -2.020818664590479 -1.1658652510959655e-05 -1.1658652510959655e-05 -1.1658652510959655e-05 -1.1658652510959655e-05 -1.1658652510959655e-05 
1649077014.6488833 -1.94975875212549 0.8959672244673129 0.9167822840099689 0.19852303123479942 -0.6367569030626328 -2.0260340710083256 1.7365789805044187 3.588933015722432 1.047493407386355 0.08385393921344075 -2.0295963798562298 -1.1658652510959655e-05 -1.1658652510959655e-05 -1.1658652510959655e-05 -1.1658652510959655e-05 -1.1658652510959655e-05 
1649077014.6724808 -3.236334323126357 0.7059541361377342 0.9184819477086421 0.1849955708385096 2.4312059229487204 -1.0419520723080495 0.11575173740129685 2.6627559981134254 1.0660732927572099 0.08275963518826757 -2.0333682362834224 -1.1658652510959655e-05 -1.1658652510959655e-05 -1.1658652510959655e-05 -1.1658652510959655e-05 -1.1658652510959655e-05 
1649077014.6816247 -4.169403127787518 0.3654160366495489 0.9193667041545268 0.12576345507841324 5.093973579714657 0.057870039374392945 -0.4052068278979277 -0.9261886762615177 1.0851886886084685 0.08173518035619054 -2.036232053200365 -1.1658652510959655e-05 -1.1658652510959655e-05 -1.1658652510959655e-05 -1.1658652510959655e-05 -1.1658652510959655e-05 
1649077014.7045379 -3.18813837988273 1.3858661818885594 0.9178533049707767 0.08369095776288304 5.7886005221516825 0.9261653589564958 -0.6946386010895367 -1.5629339206716395 1.0950374248350272 0.08131608519761357 -2.037070243517519 -1.1658652510959655e-05 -1.1658652510959655e-05 -1.1658652510959655e-05 -1.1658652510959655e-05 -1.1658652510959655e-05 
1649077014.763407 -1.3182289141332149 1.3651209715389996 0.9215320291405078 0.09796347621886525 7.525167878244247 5.267618673788093 -3.125856182690768 -7.988291345885955 1.1581810954085086 0.08136265132634435 -2.0412379120389232 -1.1658652510959655e-05 -1.1658652510959655e-05 -1.1658652510959655e-05 -1.1658652510959655e-05 -1.1658652510959655e-05 
1649077014.7850184 -0.413286051232717 -3.1230622149669216 0.9233713912326493 0.0740284860439715 7.756717953416228 6.020150597316388 -4.28358327546448 -9.377545230767282 1.169519947754452 0.08189816180674825 -2.042960858801962 -1.1658652510959655e-05 -1.1658652510959655e-05 -1.1658652510959655e-05 -1.1658652510959655e-05 -1.1658652510959655e-05 
1649077014.7960918 -1.6692676756501896 0.876293035071285 0.9212759154324885 0.0378466040128842 7.814599651443132 5.90436391820549 -4.109914898319403 -9.03023175954877 1.1734547856322024 0.08222412470786367 -2.043333387831808 -1.1658652510959655e-05 -1.1658652510959655e-05 -1.1658652510959655e-05 -1.1658652510959655e-05 -1.1658652510959655e-05 
1649077014.8165405 1.6021192837652052 2.424989344755886 0.9181327017431613 -0.010791717453685123 7.930386330554029 5.209736975761189 -4.457228369537916 -8.740799986349884 1.1776690202896134 0.0826897859951714 -2.0432868217030773 -1.1658652510959655e-05 -1.1658652510959655e-05 -1.1658652510959655e-05 -1.1658652510959655e-05 -1.1658652510959655e-05 
1649077014.8334782 3.1375908128902665 -4.794786236787331 0.9199953468923923 -0.03281749635061715 7.004209312952298 4.399323354213266 -3.531051351936185 -8.046173043912859 1.1783442291562096 0.0830623150250176 -2.0427047450939426 -1.1658652510959655e-05 -1.1658652510959655e-05 -1.1658652510959655e-05 -1.1658652510959655e-05 -1.1658652510959655e-05 
1649077014.8452032 3.983185144708841 1.122651139179652 0.918598363030469 -0.026251672199578024 6.193795691397099 5.151855277741561 -3.2416428618089412 -7.698859572694346 1.1766445654575364 0.08338827792613301 -2.0424486313859234 -1.1658652510959655e-05 -1.1658652510959655e-05 -1.1658652510959655e-05 -1.1658652510959655e-05 -1.1658652510959655e-05 
1649077014.8614497 -1.497438660597254 -2.3750472059255117 0.9171082469110843 -0.006624048932280857 6.483227464588708 4.630873429377971 -3.704719729073986 -7.062114328284224 1.168914588080952 0.08397035453526769 -2.0422158007422695 -1.1658652510959655e-05 -1.1658652510959655e-05 -1.1658652510959655e-05 -1.1658652510959655e-05 -1.1658652510959655e-05 
1649077014.8853703 3.9519858384519466 0.8333823474386008 0.9156646969204303 -0.0481843188390485 4.92030520256958 2.9521877713050344 -2.836424409499159 -5.7886238394567044 1.1577620002499316 0.08415661905019078 -2.0414940257469425 -1.1658652510959655e-05 -1.1658652510959655e-05 -1.1658652510959655e-05 -1.1658652510959655e-05 -1.1658652510959655e-05 
1649077014.9171216 2.6248977354480303 -1.156015804663184 0.9129638614540454 -0.0795466065465007 2.0260107537033036 1.3892655092859059 -1.0419520723080495 -2.9522110886100563 1.133175084272807 0.08469212953059468 -2.0393985499540577 -1.1658652510959655e-05 -1.1658652510959655e-05 -1.1658652510959655e-05 -1.1658652510959655e-05 -1.1658652510959655e-05 
1649077014.9498878 6.088253560606972 -0.7472350435054977 0.9141978638654109 -0.016356369844288565 -0.3473251298710238 -3.299524559828569 2.7206376961403294 0.578851887730707 1.1066091078246245 0.08459899727313314 -2.0380248491565 -1.1658652510959655e-05 -1.1658652510959655e-05 -1.1658652510959655e-05 -1.1658652510959655e-05 -1.1658652510959655e-05 
1649077014.9827735 3.2422481872417848 -0.5588983358102269 0.916968548524892 0.062154123217624146 -2.778542711472255 -4.109914898319403 3.820459807822772 3.704696411768964 1.0772491636525956 0.08443601582257543 -2.0393985499540577 -1.1658652510959655e-05 -1.1658652510959655e-05 -1.1658652510959655e-05 -1.1658652510959655e-05 -1.1658652510959655e-05 
1649077015.0151522 2.091273183134035 0.42790778142079944 0.9193899872188922 0.08525092307536397 -5.846505537483608 -5.962268933537416 4.515110033324163 7.467286180224619 1.0407878848491237 0.08390050534217153 -2.042658178965212 -1.1658652510959655e-05 -1.1658652510959655e-05 -1.1658652510959655e-05 -1.1658652510959655e-05 -1.1658652510959655e-05 
1649077015.047907 1.4874269086794811 -0.06583288162801182 0.92076368801645 0.09845242057053838 -7.75674127072125 -5.383405387146922 4.862423504542676 7.64095455736242 1.0199728253064677 0.08357454244105611 -2.045568562010885 -1.1658652510959655e-05 -1.1658652510959655e-05 -1.1658652510959655e-05 -1.1658652510959655e-05 -1.1658652510959655e-05 
1649077015.097346 -7.4287760259903735 1.2496835383863072 0.9238137694555917 0.09821958992688451 -8.856586665468058 -4.573015048656089 4.515110033324163 8.62501327299833 1.0009272786483052 0.08308559808938298 -2.0502950240843347 -1.1658652510959655e-05 -1.1658652510959655e-05 -1.1658652510959655e-05 -1.1658652510959655e-05 -1.1658652510959655e-05 
1649077015.1230478 0.980577880385681 -2.1990272392795305 0.9280280041057267 0.10885995034186635 -6.888445951139147 -5.093996897019679 3.762578109795868 7.583072859335516 1.0079354810222867 0.08224740777222905 -2.053554653095489 -1.1658652510959655e-05 -1.1658652510959655e-05 -1.1658652510959655e-05 -1.1658652510959655e-05 -1.1658652510959655e-05 
1649077015.1623206 -2.0085717727270094 0.08275963518826757 0.9263516234714189 0.05263134989218088 -4.630896746682993 -4.28358327546448 2.836401092194137 5.846482220178586 1.0262359696207568 0.08166533116309438 -2.0559993748538545 -1.1658652510959655e-05 -1.1658652510959655e-05 -1.1658652510959655e-05 -1.1658652510959655e-05 -1.1658652510959655e-05 
1649077015.1885214 -2.7164002126664855 -0.6336602555020363 0.9251176210600534 -0.0001746401030686684 -3.704719729073986 -4.225701577437576 1.9102240745851304 4.283559958159458 1.0408577340422198 0.0810832545539597 -2.0562322054975084 -1.1658652510959655e-05 -1.1658652510959655e-05 -1.1658652510959655e-05 -1.1658652510959655e-05 -1.1658652510959655e-05 
1649077015.2212515 -2.7164002126664855 -0.6336602555020363 0.9251176210600534 -0.0001746401030686684 -3.704719729073986 -4.225701577437576 1.9102240745851304 4.283559958159458 1.0408577340422198 0.0810832545539597 -2.0562322054975084 -1.1658652510959655e-05 -1.1658652510959655e-05 -1.1658652510959655e-05 -1.1658652510959655e-05 -1.1658652510959655e-05 
1649077015.2444224 -2.7164002126664855 -0.6336602555020363 0.9251176210600534 -0.0001746401030686684 -3.704719729073986 -4.225701577437576 1.9102240745851304 4.283559958159458 1.0408577340422198 0.0810832545539597 -2.0562322054975084 -1.1658652510959655e-05 -1.1658652510959655e-05 -1.1658652510959655e-05 -1.1658652510959655e-05 -1.1658652510959655e-05 
1649077015.2538676 -2.7164002126664855 -0.6336602555020363 0.9251176210600534 -0.0001746401030686684 -3.704719729073986 -4.225701577437576 1.9102240745851304 4.283559958159458 1.0408577340422198 0.0810832545539597 -2.0562322054975084 -1.1658652510959655e-05 -1.1658652510959655e-05 -1.1658652510959655e-05 -1.1658652510959655e-05 -1.1658652510959655e-05 
1649077015.2745256 -2.7164002126664855 -0.6336602555020363 0.9251176210600534 -0.0001746401030686684 -3.704719729073986 -4.225701577437576 1.9102240745851304 4.283559958159458 1.0408577340422198 0.0810832545539597 -2.0562322054975084 -1.1658652510959655e-05 -1.1658652510959655e-05 -1.1658652510959655e-05 -1.1658652510959655e-05 -1.1658652510959655e-05 
1649077015.2865968 -2.7164002126664855 -0.6336602555020363 0.9251176210600534 -0.0001746401030686684 -3.704719729073986 -4.225701577437576 1.9102240745851304 4.283559958159458 1.0408577340422198 0.0810832545539597 -2.0562322054975084 -1.1658652510959655e-05 -1.1658652510959655e-05 -1.1658652510959655e-05 -1.1658652510959655e-05 -1.1658652510959655e-05 
1649077015.30298 -2.7164002126664855 -0.6336602555020363 0.9251176210600534 -0.0001746401030686684 -3.704719729073986 -4.225701577437576 1.9102240745851304 4.283559958159458 1.0408577340422198 0.0810832545539597 -2.0562322054975084 -1.1658652510959655e-05 -1.1658652510959655e-05 -1.1658652510959655e-05 -1.1658652510959655e-05 -1.1658652510959655e-05 
1649077015.3255093 -1.0652817028094432 1.2939912098809145 0.9149894880538341 -0.06874326467368519 5.209736975761189 3.357382940550451 -3.357406257855473 -6.135937310675217 1.1455616745224688 0.08094355616776738 -2.0522042353622965 -1.1658652510959655e-05 -1.1658652510959655e-05 -1.1658652510959655e-05 -1.1658652510959655e-05 -1.1658652510959655e-05 
1649077015.3409927 -0.3340072170540225 -0.16040868910204154 0.9111710654979106 -0.1038308426795993 5.846482220178586 3.531028034631163 -3.878388106219063 -6.48325078189373 1.1540832760802004 0.08101340536086354 -2.050248457955604 -1.1658652510959655e-05 -1.1658652510959655e-05 -1.1658652510959655e-05 -1.1658652510959655e-05 -1.1658652510959655e-05 
1649077015.3568327 -0.38681320704199607 0.2984539435201441 0.9105889888887759 -0.11891826839564601 5.3255003718149965 3.531028034631163 -3.0100927866369602 -6.367487385839922 1.1564348655811045 0.08112982068269048 -2.0490610216656933 -1.1658652510959655e-05 -1.1658652510959655e-05 -1.1658652510959655e-05 -1.1658652510959655e-05 -1.1658652510959655e-05 
1649077015.3896608 2.3582135161414044 -0.10064106286154129 0.9100069122796413 -0.04005852936825249 3.936246486940945 3.531028034631163 -1.9102473918901524 -4.9782102179015055 1.1584604921808932 0.0821542755147675 -2.046267053941847 -1.1658652510959655e-05 -1.1658652510959655e-05 -1.1658652510959655e-05 -1.1658652510959655e-05 -1.1658652510959655e-05 
1649077015.4176335 1.0211136954603717 0.0629457474060473 0.9064911695604678 -0.045250652721733786 3.125832865385746 2.894282790213765 -1.6208156186985434 -4.28358327546448 1.147494168864796 0.08329514566867147 -2.0449864854017505 -1.1658652510959655e-05 -1.1658652510959655e-05 -1.1658652510959655e-05 -1.1658652510959655e-05 -1.1658652510959655e-05 
1649077015.4338522 1.7820508052245714 -1.231592631607782 0.9068404155259486 -0.03463357537111733 2.0260107537033036 2.894282790213765 -0.6367569030626328 -3.878388106219063 1.1326861399211339 0.08399363759963308 -2.044171578148962 -1.1658652510959655e-05 -1.1658652510959655e-05 -1.1658652510959655e-05 -1.1658652510959655e-05 -1.1658652510959655e-05 
1649077015.4741588 6.136030408692022 -1.5543424699208117 0.9041395800595637 -0.029790697983116843 -0.463111808989197 -1.9102473918901524 1.5629106033666176 -0.3473251298710238 1.1084019037807593 0.08464556340186391 -2.0433101047674427 -1.1658652510959655e-05 -1.1658652510959655e-05 -1.1658652510959655e-05 -1.1658652510959655e-05 -1.1658652510959655e-05 
1649077015.489874 3.578804882716213 -0.6392016248209984 0.9053968655352946 -0.01135051099845441 -1.3313838455069344 -3.183737880717672 2.3733242249218165 1.5050289053397137 1.0888208466494689 0.0844825819513062 -2.042960858801962 -1.1658652510959655e-05 -1.1658652510959655e-05 -1.1658652510959655e-05 -1.1658652510959655e-05 -1.1658652510959655e-05 
1649077015.5064821 1.5110825020747143 -0.7919385270943167 0.9053037332778331 0.0017578542392584495 -3.125856182690768 -2.7206610134453513 2.5469693189952523 2.9521877713050344 1.078832412029442 0.08445929888694081 -2.0429841418663273 -1.1658652510959655e-05 -1.1658652510959655e-05 -1.1658652510959655e-05 -1.1658652510959655e-05 -1.1658652510959655e-05 
1649077015.5207636 3.5004340880477685 -1.5190453443356091 0.9023235010390636 -0.010256206973281223 -5.093996897019679 -4.399346671518288 6.193795691397099 4.688755127404875 1.059879997636017 0.08478526178805623 -2.042914292673231 -1.1658652510959655e-05 -1.1658652510959655e-05 -1.1658652510959655e-05 -1.1658652510959655e-05 -1.1658652510959655e-05 
1649077015.537862 3.969168739960878 -2.082681766623864 0.8999253454094287 -0.05386538654420292 -5.614955462311627 -4.862446821847698 8.161913122661645 5.093973579714657 1.0511954146277276 0.08518107388226781 -2.042378782192827 -1.1658652510959655e-05 -1.1658652510959655e-05 -1.1658652510959655e-05 -1.1658652510959655e-05 -1.1658652510959655e-05 
1649077015.5645142 1.9381870348952361 -0.6272108466728241 0.8918228390029981 -0.16678824873815756 -7.525191195549269 -6.714800857065711 4.341441656186362 8.219818103752914 1.0200659575639293 0.08506465856044088 -2.0365114499727497 -1.1658652510959655e-05 -1.1658652510959655e-05 -1.1658652510959655e-05 -1.1658652510959655e-05 -1.1658652510959655e-05 
1649077015.5867348 1.9804690797900548 0.5905399860494072 0.891520159166248 -0.1400127247106866 -8.567154892276449 -6.888445951139147 4.283559958159458 8.509249876944523 1.0153627785548451 0.08476197872369085 -2.0351144661108265 0.08476197872369085 -1.1658652510959655e-05 -1.1658652510959655e-05 -1.1658652510959655e-05 -1.1658652510959655e-05 
1649077015.6196184 0.31766247162158834 -0.5220878110412741 0.890612119655998 -0.025692878654808737 -8.451368213158275 -6.135937310675217 3.820459807822772 9.782740365772042 1.0021379979953053 0.0837608069559792 -2.032809442738653 -1.1658652510959655e-05 -1.1658652510959655e-05 -1.1658652510959655e-05 -1.1658652510959655e-05 -1.1658652510959655e-05 
1649077015.6463537 -3.159779607478413 -0.9858864533089218 0.8856295438818051 -0.06785850822780048 -7.409427799502737 -5.557073764291999 3.878364788914041 7.467286180224619 1.0052579286202672 0.08317873034684453 -2.031342609683634 -1.1658652510959655e-05 -1.1658652510959655e-05 -1.1658652510959655e-05 -1.1658652510959655e-05 -1.1658652510959655e-05 
1649077015.662686 0.4800385625421768 1.2182746845501242 0.8830684068016126 -0.10769583136425354 -6.888445951139147 -4.7466601427368005 2.7206376961403294 6.309559087450907 1.0156654583915952 0.0828760505100945 -2.029503247598768 -1.1658652510959655e-05 -1.1658652510959655e-05 -1.1658652510959655e-05 -1.1658652510959655e-05 -1.1658652510959655e-05 
1649077015.6957085 0.6111454980200506 -0.17838321479939623 0.8792965503744199 -0.11684607566712657 -4.28358327546448 -3.994151502272871 3.2416195445039193 4.16779656210565 1.0354094969807193 0.08264321986644063 -2.025940938750864 -1.1658652510959655e-05 -1.1658652510959655e-05 -1.1658652510959655e-05 -1.1658652510959655e-05 -1.1658652510959655e-05 
1649077015.7118118 -3.4748926006723195 0.13558890824060654 0.8766888471654966 -0.0943779185472522 -2.7206610134453513 -1.9102473918901524 0.6946152837845148 2.1996558477767394 1.054408477510151 0.08248023841588292 -2.0237988968292484 -1.1658652510959655e-05 -1.1658652510959655e-05 -1.1658652510959655e-05 -1.1658652510959655e-05 -1.1658652510959655e-05 
1649077015.7339566 -2.3857574155335897 0.09121138755290303 0.8761999028138234 -0.07610071301314747 -0.9840703742811456 0.057870039374392945 -0.5788752050357289 0.520970189711079 1.0644201951872674 0.08248023841588292 -2.023053838769556 -1.1658652510959655e-05 -1.1658652510959655e-05 -1.1658652510959655e-05 -1.1658652510959655e-05 -1.1658652510959655e-05 
1649077015.749531 -4.714622646162752 0.5532172338644159 0.8738483133129193 -0.06683405339572346 2.7206376961403294 0.289420114539098 -0.4052068278979277 -1.9102473918901524 1.0850024240935454 0.08236382309405599 -2.021540439585806 -1.1658652510959655e-05 -1.1658652510959655e-05 -1.1658652510959655e-05 -1.1658652510959655e-05 -1.1658652510959655e-05 
1649077015.809876 -0.4344270736837643 -0.4159868866991019 0.8759437891058042 0.046764017664827406 7.062091010979202 4.457205052232894 -4.109914898319403 -7.525191195549269 1.151172893034527 0.08220084164349828 -2.0217732702294597 -1.1658652510959655e-05 -1.1658652510959655e-05 -1.1658652510959655e-05 -1.1658652510959655e-05 -1.1658652510959655e-05 
1649077015.8426208 1.869641693388985 -2.5760731836999184 0.8730101229957654 -0.007858051343646366 7.64095455736242 4.862423504542676 -3.994151502272871 -8.798704967441154 1.1684722098580096 0.08243367228715215 -2.0223087807098636 -1.1658652510959655e-05 -1.1658652510959655e-05 -1.1658652510959655e-05 -1.1658652510959655e-05 -1.1658652510959655e-05 
1649077015.858819 -3.5655568533329642 3.194308357698901 0.8694245310834958 -0.07745113074633991 8.10403142463474 6.309559087450907 -4.341464973491384 -9.782763683077064 1.1731986719241831 0.08308559808938298 -2.0211679105559597 -1.1658652510959655e-05 -1.1658652510959655e-05 -1.1658652510959655e-05 -1.1658652510959655e-05 -1.1658652510959655e-05 
1649077015.898396 5.1882467073519365 2.2905296480166726 0.8675386028698995 -0.09193319678888656 6.425345766561804 4.804541806523048 -3.704719729073986 -7.583096176640538 1.1748052033726708 0.0835978255054215 -2.018536924275395 -1.1658652510959655e-05 -1.1658652510959655e-05 -1.1658652510959655e-05 -1.1658652510959655e-05 -1.1658652510959655e-05 
1649077015.964369 -0.8396688090579119 0.541971513768658 0.8585979061463149 -0.10874356926069595 4.630873429377971 3.0100694693319383 -2.894306107518787 -6.48325078189373 1.153268368827412 0.08492496017424855 -2.013484499308106 -1.1658652510959655e-05 -1.1658652510959655e-05 -1.1658652510959655e-05 -1.1658652510959655e-05 -1.1658652510959655e-05 
1649077016.0144162 7.825961786853441 -1.6267993662404479 0.8482602255680831 -0.18026914301299257 0.4630884916841751 -2.4312292402537423 6.0780322953432915 -2.0260340710083256 1.105072425576509 0.0868108883878449 -2.006313315483567 -1.1658652510959655e-05 -1.1658652510959655e-05 -1.1658652510959655e-05 -1.1658652510959655e-05 -1.1658652510959655e-05 
1649077016.0551488 3.3132848166351323 -1.6106642026279587 0.836758391771582 -0.2135173589340411 -4.515133350629185 -5.4991920662650955 5.90436391820549 3.704696411768964 1.0548042896043626 0.08883651498763356 -1.9946717833008734 -1.1658652510959655e-05 -1.1658652510959655e-05 -1.1658652510959655e-05 -1.1658652510959655e-05 -1.1658652510959655e-05 
1649077016.0791104 2.645526530483039 -0.06885967999551212 0.8332193659880431 -0.14092076422821265 -5.7886238394567044 -5.151878595046583 4.16779656210565 5.7886005221516825 1.0382965969620273 0.08885979805199895 -1.991342305096623 -1.1658652510959655e-05 -1.1658652510959655e-05 -1.1658652510959655e-05 -1.1658652510959655e-05 -1.1658652510959655e-05 
1649077016.1435533 0.16052507018321194 0.4602246747672325 0.8382717909553321 0.06299231353477808 -6.830564253112243 -4.052033200292499 3.704696411768964 7.814599651443132 1.0063987987741712 0.0871601343533257 -1.9924598921861616 -1.1658652510959655e-05 -1.1658652510959655e-05 -1.1658652510959655e-05 -1.1658652510959655e-05 -1.1658652510959655e-05 
1649077016.1759279 1.0646530258309213 -3.0361698187334696 0.8385977538564475 0.057171547443431336 -6.251700706729025 -5.036091915928409 2.7206376961403294 7.814599651443132 1.0069808753833058 0.08641507629363332 -1.9935541962113348 -1.1658652510959655e-05 -1.1658652510959655e-05 -1.1658652510959655e-05 -1.1658652510959655e-05 -1.1658652510959655e-05 
1649077016.191465 1.0646530258309213 -3.0361698187334696 0.8385977538564475 0.057171547443431336 -6.251700706729025 -5.036091915928409 2.7206376961403294 7.814599651443132 1.0069808753833058 0.08641507629363332 -1.9935541962113348 -1.1658652510959655e-05 -1.1658652510959655e-05 -1.1658652510959655e-05 -1.1658652510959655e-05 -1.1658652510959655e-05 
1649077016.2271557 1.0646530258309213 -3.0361698187334696 0.8385977538564475 0.057171547443431336 -6.251700706729025 -5.036091915928409 2.7206376961403294 7.814599651443132 1.0069808753833058 0.08641507629363332 -1.9935541962113348 -1.1658652510959655e-05 -1.1658652510959655e-05 -1.1658652510959655e-05 -1.1658652510959655e-05 -1.1658652510959655e-05 
1649077016.2676785 1.0646530258309213 -3.0361698187334696 0.8385977538564475 0.057171547443431336 -6.251700706729025 -5.036091915928409 2.7206376961403294 7.814599651443132 1.0069808753833058 0.08641507629363332 -1.9935541962113348 -1.1658652510959655e-05 -1.1658652510959655e-05 -1.1658652510959655e-05 -1.1658652510959655e-05 -1.1658652510959655e-05 
1649077016.3168147 -0.8505420001165476 -0.35493869191850536 0.8568749593832763 0.1928652465940104 -0.463111808989197 -0.9261886762615177 1.099833736094297 2.7785193941672333 1.0213465261040255 0.08308559808938298 -2.0113424573864904 -1.1658652510959655e-05 -1.1658652510959655e-05 -1.1658652510959655e-05 -1.1658652510959655e-05 -1.1658652510959655e-05 
1649077016.340218 -0.8035334931555553 -0.44541668006422697 0.859622360978392 0.21237645453948062 3.2995012425235473 1.5629106033666176 -1.2156204494531266 0.3473018125660019 1.0308925824938342 0.08275963518826757 -2.0134612162437406 -1.1658652510959655e-05 -1.1658652510959655e-05 -1.1658652510959655e-05 -1.1658652510959655e-05 -1.1658652510959655e-05 
1649077016.3583121 -5.827576406147273 -0.33386751866783015 0.8679809810928418 0.298989454000548 6.425345766561804 0.6367335857576109 -0.3473251298710238 -4.862446821847698 1.0453513654647395 0.08250352148024831 -2.0190491516987095 -1.1658652510959655e-05 -1.1658652510959655e-05 -1.1658652510959655e-05 -1.1658652510959655e-05 -1.1658652510959655e-05 
1649077016.3707356 -2.8253183877895935 -0.33424004769767635 0.8719391020349576 0.31857051113183843 3.820459807822772 2.4890876209756243 -1.5629339206716395 -2.0260340710083256 1.0570860299121705 0.08222412470786367 -2.0253588621417293 -1.1658652510959655e-05 -1.1658652510959655e-05 -1.1658652510959655e-05 -1.1658652510959655e-05 -1.1658652510959655e-05 
1649077016.4550896 1.1259107681908063 -0.3450433895632159 0.8847215043715551 0.18751014178997139 3.936246486940945 2.4890876209756243 -1.6786973167254473 -3.531051351936185 1.0886345821345458 0.08210770938603673 -2.0443811257282505 -1.1658652510959655e-05 -1.1658652510959655e-05 -1.1658652510959655e-05 -1.1658652510959655e-05 -1.1658652510959655e-05 
1649077016.4637692 0.008696207420143764 0.09512294236628804 0.8856295438818051 0.1285108566735289 4.16779656210565 2.4312059229487204 -1.7366022978094406 -3.704719729073986 1.0746181773793069 0.0821542755147675 -2.047291508773924 -1.1658652510959655e-05 -1.1658652510959655e-05 -1.1658652510959655e-05 -1.1658652510959655e-05 -1.1658652510959655e-05 
1649077016.487927 0.5127047018540907 -0.1497683286870597 0.8866074325851514 0.11004738663177704 1.0419287550030276 1.7365789805044187 -1.1577387514262227 -0.11577505470631877 1.0664923879157868 0.08213099245040212 -2.048385812799097 -1.1658652510959655e-05 -1.1658652510959655e-05 -1.1658652510959655e-05 -1.1658652510959655e-05 -1.1658652510959655e-05 
1649077016.5007544 7.932900901505491 0.6108893843120313 0.8874689059666707 0.09000066820590291 1.099833736094297 -1.8523656938632485 0.810401962902688 -1.0998570533993188 1.0481686162529513 0.08185159567801747 -2.050201891826873 -1.1658652510959655e-05 -1.1658652510959655e-05 -1.1658652510959655e-05 -1.1658652510959655e-05 -1.1658652510959655e-05 
1649077016.512881 4.45187323049322 0.05176987651066156 0.8883769454769208 0.08904606256692205 0.057870039374392945 -3.415287955882377 2.0260107537033036 0.4630884916841751 1.0382965969620273 0.08166533116309438 -2.0511099313371233 -1.1658652510959655e-05 -1.1658652510959655e-05 -1.1658652510959655e-05 -1.1658652510959655e-05 -1.1658652510959655e-05 
1649077016.5291986 4.344468454553862 -0.052514968811010476 0.8908682333640172 0.09784706089703832 -2.3733475422268384 -3.531051351936185 2.604851017022156 2.3154425268949126 1.0187388228951022 0.0814557835838059 -2.053019142615085 -1.1658652510959655e-05 -1.1658652510959655e-05 -1.1658652510959655e-05 -1.1658652510959655e-05 -1.1658652510959655e-05 
1649077016.5495505 3.3944728620917886 -1.3648881751360022 0.8912407623938634 0.10236397538392339 -4.341464973491384 -4.573015048656089 3.646814713749336 3.994128184967849 0.9990879165634396 0.0812695190688828 -2.055068052279239 -1.1658652510959655e-05 -1.1658652510959655e-05 -1.1658652510959655e-05 -1.1658652510959655e-05 -1.1658652510959655e-05 
1649077016.5945148 2.3245927711905097 -1.8160906795746996 0.891939254324825 0.04518076928798109 -7.23575942235766 -5.557073764291999 5.499168748960074 7.525167878244247 0.9555253031285247 0.08099012229649816 -2.0582811151616625 -1.1658652510959655e-05 -1.1658652510959655e-05 -1.1658652510959655e-05 -1.1658652510959655e-05 -1.1658652510959655e-05 
1649077016.6272004 5.088013115237118 -1.5460071328707272 0.896269904304063 0.09910434637276921 -7.814622968748154 -6.772682555085339 6.020150597316388 9.37752191346226 0.9413691999870935 0.08064087633101735 -2.0603300248258165 -1.1658652510959655e-05 -1.1658652510959655e-05 -1.1658652510959655e-05 -1.1658652510959655e-05 -1.1658652510959655e-05 
1649077016.659995 -1.8034014094955637 -1.0348973038053373 0.8976436051016208 0.12359813009243226 -7.75674127072125 -5.036091915928409 4.862423504542676 9.145995121354645 0.937969872589747 0.0803847626229981 -2.063799201416259 -1.1658652510959655e-05 -1.1658652510959655e-05 -1.1658652510959655e-05 -1.1658652510959655e-05 -1.1658652510959655e-05 
1649077016.7089024 3.3558928244310664 4.266586604229815 0.9019509720092174 0.10008223507611547 -7.00423263025732 -3.936269804245967 4.515110033324163 7.235736105052638 0.9529641660410562 0.07994238440005574 -2.0688749094479135 -1.1658652510959655e-05 -1.1658652510959655e-05 -1.1658652510959655e-05 -1.1658652510959655e-05 -1.1658652510959655e-05 
1649077016.725225 -2.6884139692920144 -0.8564093323366251 0.9033479558711406 0.11272493903379655 -4.9782102179015055 -3.299524559828569 2.5469693189952523 6.193795691397099 0.9706360119016608 0.07970955375640187 -2.07106351749826 -1.1658652510959655e-05 -1.1658652510959655e-05 -1.1658652510959655e-05 -1.1658652510959655e-05 -1.1658652510959655e-05 
1649077016.790103 -2.6381225502482266 -0.6477465094503714 0.9115901606564876 0.17333075559145072 2.1417741497498355 0.11575173740129685 0.520970189711079 -3.704719729073986 1.0126153769597295 0.08017521504370961 -2.0779553045504144 -1.1658652510959655e-05 -1.1658652510959655e-05 -1.1658652510959655e-05 -1.1658652510959655e-05 -1.1658652510959655e-05 
1649077016.8137753 -1.998327224406239 0.22466991252440494 0.9153387340193149 0.18911667323118309 3.473146336604259 2.5469693189952523 -1.9102473918901524 -3.067974484663864 1.043698267894797 0.08068744245974813 -2.083939052099595 -1.1658652510959655e-05 -1.1658652510959655e-05 -1.1658652510959655e-05 -1.1658652510959655e-05 -1.1658652510959655e-05 
1649077016.8397498 0.01905717107001692 0.4752422512829071 0.92076368801645 0.14876712267869152 6.309559087450907 3.994128184967849 -3.125856182690768 -5.846505537483608 1.070054696763691 0.08117638681142125 -2.088944910938153 -1.1658652510959655e-05 -1.1658652510959655e-05 -1.1658652510959655e-05 -1.1658652510959655e-05 -1.1658652510959655e-05 
1649077016.879003 -0.08047792912111618 -1.7222133640316315 0.9206705557589885 0.08802160773484502 7.698836255389324 3.994128184967849 -4.399346671518288 -7.177877724330756 1.0958756151521811 0.08101340536086354 -2.0937412221974228 -1.1658652510959655e-05 -1.1658652510959655e-05 -1.1658652510959655e-05 -1.1658652510959655e-05 -1.1658652510959655e-05 
1649077016.9050698 1.1082854884589324 0.544858613749966 0.921485463011777 0.055867695838969667 6.309559087450907 4.052009882987477 -3.067974484663864 -6.656919159038807 1.1022551747882972 0.08143250051944051 -2.0957202826684806 -1.1658652510959655e-05 -1.1658652510959655e-05 -1.1658652510959655e-05 -1.1658652510959655e-05 -1.1658652510959655e-05 
1649077016.9377723 2.0113889892745647 1.5793950129373115 0.9205774235015269 0.02022132428828627 6.193795691397099 4.630873429377971 -3.531051351936185 -7.177877724330756 1.0961782949889312 0.08196801099984441 -2.096768020564923 -1.1658652510959655e-05 -1.1658652510959655e-05 -1.1658652510959655e-05 -1.1658652510959655e-05 -1.1658652510959655e-05 
1649077017.0101304 0.05796317163185449 -0.9261421101327869 0.9241630154210725 0.08131608519761357 2.5469693189952523 2.4312059229487204 -0.463111808989197 -2.3733475422268384 1.0556890460502473 0.08308559808938298 -2.099166176194558 -1.1658652510959655e-05 -1.1658652510959655e-05 -1.1658652510959655e-05 -1.1658652510959655e-05 -1.1658652510959655e-05 
1649077017.019558 3.762950638825714 0.07281776669697138 0.9276089089471498 0.12483213250379777 0.7524969818114187 1.2734788301750086 0.4630884916841751 -1.0998570533993188 1.0357354598818347 0.08352797631232534 -2.1015643318241928 -1.1658652510959655e-05 -1.1658652510959655e-05 -1.1658652510959655e-05 -1.1658652510959655e-05 -1.1658652510959655e-05 
1649077017.0957036 2.1770945584066794 -0.5537760616498417 0.9232782589751878 -0.029837264111847617 -5.7307421414298005 -3.531051351936185 5.3833820698419 4.16779656210565 0.9792274626524886 0.08436616662947927 -2.104777394706616 -1.1658652510959655e-05 -1.1658652510959655e-05 -1.1658652510959655e-05 -1.1658652510959655e-05 -1.1658652510959655e-05 
1649077017.1093774 1.9664293919777265 0.7492839189289953 0.923231692839181 -0.03600727616867516 -6.078055612648313 -4.80456512382807 4.515110033324163 6.309559087450907 0.9634415450127563 0.08452914808003698 -2.104055619711289 -1.1658652510959655e-05 -1.1658652510959655e-05 -1.1658652510959655e-05 -1.1658652510959655e-05 -1.1658652510959655e-05 
1649077017.1592271 2.588646004223847 -0.31125966316176346 0.9223469363932963 0.007322506622585934 -8.277723119077564 -5.036091915928409 4.688755127404875 7.988268028580933 0.932614767785708 0.0841333359858254 -2.1046144132560585 -1.1658652510959655e-05 -1.1658652510959655e-05 -1.1658652510959655e-05 -1.1658652510959655e-05 -1.1658652510959655e-05 
1649077017.1667104 2.588646004223847 -0.31125966316176346 0.9223469363932963 0.007322506622585934 -8.277723119077564 -5.036091915928409 4.688755127404875 7.988268028580933 0.932614767785708 0.0841333359858254 -2.1046144132560585 -1.1658652510959655e-05 -1.1658652510959655e-05 -1.1658652510959655e-05 -1.1658652510959655e-05 -1.1658652510959655e-05 
1649077017.1834102 2.588646004223847 -0.31125966316176346 0.9223469363932963 0.007322506622585934 -8.277723119077564 -5.036091915928409 4.688755127404875 7.988268028580933 0.932614767785708 0.0841333359858254 -2.1046144132560585 -1.1658652510959655e-05 -1.1658652510959655e-05 -1.1658652510959655e-05 -1.1658652510959655e-05 -1.1658652510959655e-05 
1649077017.2211375 2.588646004223847 -0.31125966316176346 0.9223469363932963 0.007322506622585934 -8.277723119077564 -5.036091915928409 4.688755127404875 7.988268028580933 0.932614767785708 0.0841333359858254 -2.1046144132560585 -1.1658652510959655e-05 -1.1658652510959655e-05 -1.1658652510959655e-05 -1.1658652510959655e-05 -1.1658652510959655e-05 
1649077017.2373476 2.588646004223847 -0.31125966316176346 0.9223469363932963 0.007322506622585934 -8.277723119077564 -5.036091915928409 4.688755127404875 7.988268028580933 0.932614767785708 0.0841333359858254 -2.1046144132560585 -1.1658652510959655e-05 -1.1658652510959655e-05 -1.1658652510959655e-05 -1.1658652510959655e-05 -1.1658652510959655e-05 
1649077017.2705817 2.588646004223847 -0.31125966316176346 0.9223469363932963 0.007322506622585934 -8.277723119077564 -5.036091915928409 4.688755127404875 7.988268028580933 0.932614767785708 0.0841333359858254 -2.1046144132560585 -1.1658652510959655e-05 -1.1658652510959655e-05 -1.1658652510959655e-05 -1.1658652510959655e-05 -1.1658652510959655e-05 
1649077017.28736 2.588646004223847 -0.31125966316176346 0.9223469363932963 0.007322506622585934 -8.277723119077564 -5.036091915928409 4.688755127404875 7.988268028580933 0.932614767785708 0.0841333359858254 -2.1046144132560585 -1.1658652510959655e-05 -1.1658652510959655e-05 -1.1658652510959655e-05 -1.1658652510959655e-05 -1.1658652510959655e-05 
1649077017.346635 -4.864053353288909 1.2076808902638732 0.9134062396769878 -0.09908109754906036 8.10403142463474 -3.125856182690768 1.2734788301750086 -1.0998570533993188 0.9162002074008342 0.08303903196065221 -2.10410218584002 -1.1658652510959655e-05 -1.1658652510959655e-05 -1.1658652510959655e-05 -1.1658652510959655e-05 -1.1658652510959655e-05 
1649077017.3733203 -4.802888743186486 0.11917434786300873 0.9040464478021022 -0.23382019106065854 13.545330134220421 -0.3473251298710238 0.3473018125660019 -8.740799986349884 0.9311479347306886 0.08194472793547902 -2.1000276495760772 -1.1658652510959655e-05 -1.1658652510959655e-05 -1.1658652510959655e-05 -1.1658652510959655e-05 -1.1658652510959655e-05 
1649077017.3956878 1.422001497790916 1.298112312273588 0.8732662367037847 -0.5988986403972376 4.109891581014381 -0.3473251298710238 -1.8523656938632485 -2.778542711472255 0.9545706974895438 0.07856868360249791 -2.0799576480858377 -1.1658652510959655e-05 -1.1658652510959655e-05 -1.1658652510959655e-05 -1.1658652510959655e-05 -1.1658652510959655e-05 
1649077017.41184 -0.7985742004457279 -2.843269630422583 0.8717295544556691 -0.5689100534873432 0.11575173740129685 1.3313605282019125 -1.9681290899170563 -4.341464973491384 0.9570619853766402 0.07884808037488256 -2.0742765803806833 -1.1658652510959655e-05 -1.1658652510959655e-05 -1.1658652510959655e-05 -1.1658652510959655e-05 -1.1658652510959655e-05 
1649077017.4366167 0.832846836958197 0.48015497786400374 0.8707283826879575 -0.3744033337352448 1.2155971321481047 0.289420114539098 -1.1577387514262227 -2.3154658441999345 0.9574345144064864 0.07926717553345952 -2.0659179602735094 -1.1658652510959655e-05 -1.1658652510959655e-05 -1.1658652510959655e-05 -1.1658652510959655e-05 -1.1658652510959655e-05 
1649077017.4445717 3.21796395110141 -1.0977848606707994 0.8674920367411687 -0.19044384214066667 1.6207923013935215 0.9261653589564958 -1.0998570533993188 -3.473169653909281 0.9537557902294793 0.07950000617711339 -2.061261347400432 -1.1658652510959655e-05 -1.1658652510959655e-05 -1.1658652510959655e-05 -1.1658652510959655e-05 -1.1658652510959655e-05 
1649077017.493857 1.9822153096174588 -0.04466857611259911 0.8604838343599113 -0.15810366572986823 0.17365671849256614 0.8682836609295919 -0.5788752050357289 -0.6367569030626328 0.9369454177576699 0.07991910133569036 -2.0544394095413736 -1.1658652510959655e-05 -1.1658652510959655e-05 -1.1658652510959655e-05 -1.1658652510959655e-05 -1.1658652510959655e-05 
1649077017.5264 1.8438440580648603 -0.12275997401593486 0.8630915375761106 -0.0025727957327035256 -2.1996791650817613 -1.4471705246178317 2.604851017022156 2.1417741497498355 0.9063980373030063 0.08015193197934423 -2.051645441817527 -1.1658652510959655e-05 -1.1658652510959655e-05 -1.1658652510959655e-05 -1.1658652510959655e-05 -1.1658652510959655e-05 
1649077017.565851 3.8926605904343887 -0.5918671549588908 0.8636968972496106 0.06490152481273981 -4.28358327546448 -3.76260142710089 4.109891581014381 4.16779656210565 0.8772476407102658 0.08040804568736348 -2.053391671644931 -1.1658652510959655e-05 -1.1658652510959655e-05 -1.1658652510959655e-05 -1.1658652510959655e-05 -1.1658652510959655e-05 
1649077017.599874 2.9404065407361486 -1.3475888583052438 0.8587608875968726 -0.04024479388317559 -6.135937310675217 -5.036091915928409 6.193795691397099 5.90436391820549 0.8501927199104102 0.0805477440735558 -2.053368388580566 -1.1658652510959655e-05 -1.1658652510959655e-05 -1.1658652510959655e-05 -1.1658652510959655e-05 -1.1658652510959655e-05 
1649077017.6310852 3.524485493544489 -0.5500507713513798 0.8563394489028724 -0.06243355423066532 -7.640977874667442 -5.7307421414298005 5.44128705093317 7.062091010979202 0.8243950845862855 0.08017521504370961 -2.050551137792354 -1.1658652510959655e-05 -1.1658652510959655e-05 -1.1658652510959655e-05 -1.1658652510959655e-05 -1.1658652510959655e-05 
1649077017.6637826 -0.6382935853107483 -2.6657362645928515 0.8544768037536414 -0.04774194061610615 -8.104054741939763 -5.209760293066211 3.704696411768964 8.567131574971427 0.8155475201274385 0.07952328924147878 -2.0490144555369625 -1.1658652510959655e-05 -1.1658652510959655e-05 -1.1658652510959655e-05 -1.1658652510959655e-05 -1.1658652510959655e-05 
1649077017.7064013 3.9059552201943006 -0.8951523514551809 0.8507515134551795 -0.05176991075131809 -6.946350932230416 -4.80456512382807 3.531028034631163 6.830540935807221 0.8210423233176698 0.07884808037488256 -2.046406752328039 -1.1658652510959655e-05 -1.1658652510959655e-05 -1.1658652510959655e-05 -1.1658652510959655e-05 -1.1658652510959655e-05 
1649077017.7456672 0.3861612469991087 -0.9131967263383558 0.849633926365641 -0.013771949692454655 -3.415287955882377 -2.0839157690352295 1.9681057726120343 2.3733242249218165 0.8426955731847556 0.07856868360249791 -2.045312448302866 -1.1658652510959655e-05 -1.1658652510959655e-05 -1.1658652510959655e-05 -1.1658652510959655e-05 -1.1658652510959655e-05 
1649077017.771638 -2.4368404587658006 0.7855822162819095 0.8555478247144492 0.10911606404988561 0.289420114539098 0.520970189711079 0.2315384165121941 -1.1658652510959655e-05 0.8707749488166883 0.07945344004838262 -2.0470353950659046 -1.1658652510959655e-05 -1.1658652510959655e-05 -1.1658652510959655e-05 -1.1658652510959655e-05 -1.1658652510959655e-05 
1649077017.804393 -2.3234519352772622 0.8264905603791703 0.8627655746749952 0.20331934249406913 3.415264638577355 2.3154425268949126 -1.3313838455069344 -4.399346671518288 0.9094946848636027 0.08061759326665197 -2.0547420893781236 -1.1658652510959655e-05 -1.1658652510959655e-05 -1.1658652510959655e-05 -1.1658652510959655e-05 -1.1658652510959655e-05 
1649077017.8370862 0.5530309693494928 2.8279493398222257 0.870821514945419 0.20064179009204963 6.0780322953432915 4.225678260132554 -3.0100927866369602 -4.109914898319403 0.9375740604955354 0.08159548196999822 -2.061261347400432 -1.1658652510959655e-05 -1.1658652510959655e-05 -1.1658652510959655e-05 -1.1658652510959655e-05 -1.1658652510959655e-05 
1649077017.8862948 9.227858375685173 0.8829985576085164 0.8733128028325154 0.12827802602987504 5.90436391820549 2.604851017022156 -2.836424409499159 -5.036091915928409 0.9285169484573998 0.08185159567801747 -2.0694802691214136 -1.1658652510959655e-05 -1.1658652510959655e-05 -1.1658652510959655e-05 -1.1658652510959655e-05 -1.1658652510959655e-05 
1649077017.9350905 1.5853554774221266 -0.652356556194718 0.8781091140917852 0.11635709707479691 4.283559958159458 1.9102240745851304 -1.8523656938632485 -3.0100927866369602 0.9213457646255847 0.08185159567801747 -2.0754174505345873 -1.1658652510959655e-05 -1.1658652510959655e-05 -1.1658652510959655e-05 -1.1658652510959655e-05 -1.1658652510959655e-05 
1649077017.9514534 1.2298929336684523 0.032887311303056777 0.8790404366664006 0.10003566894738469 3.588933015722432 1.3313605282019125 -2.3154658441999345 -3.704719729073986 0.9192968549614307 0.08173518035619054 -2.0774896432631067 -1.1658652510959655e-05 -1.1658652510959655e-05 -1.1658652510959655e-05 -1.1658652510959655e-05 -1.1658652510959655e-05 
1649077017.9678435 1.837511064557475 -0.7079797969781794 0.8785747753790929 0.07905762795417104 3.0100694693319383 1.4471472073128098 -2.1417974670548574 -3.183737880717672 0.918412098515546 0.08166533116309438 -2.07828126745153 -1.1658652510959655e-05 -1.1658652510959655e-05 -1.1658652510959655e-05 -1.1658652510959655e-05 -1.1658652510959655e-05 
1649077018.000621 1.7934827898279764 -0.39857115455379244 0.8723116310648038 -0.06813790500018513 1.099833736094297 0.057870039374392945 -1.7366022978094406 -1.5629339206716395 0.9166891517525073 0.08110653761832509 -2.077629341649299 -1.1658652510959655e-05 -1.1658652510959655e-05 -1.1658652510959655e-05 -1.1658652510959655e-05 -1.1658652510959655e-05 
1649077018.0168283 1.3740383851909428 -0.25214396272349404 0.8715200068763806 -0.08520439118728973 0.6367335857576109 -1.1658652510959655e-05 -1.5629339206716395 -1.4471705246178317 0.9165028872375842 0.08101340536086354 -2.076791151332145 -1.1658652510959655e-05 -1.1658652510959655e-05 -1.1658652510959655e-05 -1.1658652510959655e-05 -1.1658652510959655e-05 
1649077018.0387785 1.2956675905152224 -0.14916296901355963 0.8682836609295919 -0.09859215319738723 -0.11577505470631877 -0.6367569030626328 -0.7525202991164406 0.057870039374392945 0.9167124348168727 0.08082714084594045 -2.0748819400541834 -1.1658652510959655e-05 -1.1658652510959655e-05 -1.1658652510959655e-05 -1.1658652510959655e-05 -1.1658652510959655e-05 
1649077018.0495672 1.166935527609894 -0.44148184218647657 0.8663511665872647 -0.094005389517406 -0.463111808989197 -0.463111808989197 -0.17368003579758806 -1.1658652510959655e-05 0.9174109267478343 0.08071072552411351 -2.0729727287762216 -1.1658652510959655e-05 -1.1658652510959655e-05 -1.1658652510959655e-05 -1.1658652510959655e-05 -1.1658652510959655e-05 
1649077018.0730848 0.31903617241914617 -0.027928052833885886 0.8667236956171109 -0.07482014447305119 -0.5788752050357289 -0.231561733817216 0.057870039374392945 0.17365671849256614 0.9177834557776805 0.0807340085884789 -2.0722276707165292 0.9177834557776805 -1.1658652510959655e-05 -1.1658652510959655e-05 -1.1658652510959655e-05 -1.1658652510959655e-05 
1649077018.0822332 0.31368106761510717 -0.2267421394935809 0.8685164915732457 -0.002898758633818943 -0.463111808989197 -0.3473251298710238 0.289420114539098 0.8682836609295919 0.918714778352296 0.08064087633101735 -2.071785292493587 -1.1658652510959655e-05 -1.1658652510959655e-05 -1.1658652510959655e-05 -1.1658652510959655e-05 -1.1658652510959655e-05 
1649077018.1062825 0.13919778321724152 -0.02536691575369332 0.8692615496329381 0.03265448065940291 -0.2894434318441199 -0.4052068278979277 0.4051835105929058 0.810401962902688 0.9192270057683345 0.08059431020228658 -2.0721112553947023 -1.1658652510959655e-05 -1.1658652510959655e-05 -1.1658652510959655e-05 -1.1658652510959655e-05 -1.1658652510959655e-05 
1649077018.1195984 0.22557795203465503 -0.0026193618614342995 0.8701928722075536 0.06951157155708643 -0.231561733817216 -0.11577505470631877 0.4051835105929058 0.6367335857576109 0.92015832834295 0.0805477440735558 -2.073368540870433 -1.1658652510959655e-05 -1.1658652510959655e-05 -1.1658652510959655e-05 -1.1658652510959655e-05 -1.1658652510959655e-05 
1649077018.1313376 0.05684558454231592 -0.12988459171174327 0.8710776286534383 0.07165361347870203 -0.11577505470631877 -1.1658652510959655e-05 0.289420114539098 0.4051835105929058 0.9211129339819308 0.0805477440735558 -2.0748353739254526 -1.1658652510959655e-05 -1.1658652510959655e-05 -1.1658652510959655e-05 -1.1658652510959655e-05 -1.1658652510959655e-05 
1649077018.1476557 0.17347045397764305 -0.20152658077859087 0.8712871762327268 0.06750922802166315 -0.11577505470631877 0.11575173740129685 0.289420114539098 0.4630884916841751 0.9215785952692386 0.0805477440735558 -2.075510582792049 -1.1658652510959655e-05 -1.1658652510959655e-05 -1.1658652510959655e-05 -1.1658652510959655e-05 -1.1658652510959655e-05 
1649077018.1640656 0.17347045397764305 -0.20152658077859087 0.8712871762327268 0.06750922802166315 -0.11577505470631877 0.11575173740129685 0.289420114539098 0.4630884916841751 0.9215785952692386 0.0805477440735558 -2.075510582792049 -1.1658652510959655e-05 -1.1658652510959655e-05 -1.1658652510959655e-05 -1.1658652510959655e-05 -1.1658652510959655e-05 
1649077018.1803997 0.17347045397764305 -0.20152658077859087 0.8712871762327268 0.06750922802166315 -0.11577505470631877 0.11575173740129685 0.289420114539098 0.4630884916841751 0.9215785952692386 0.0805477440735558 -2.075510582792049 -1.1658652510959655e-05 -1.1658652510959655e-05 -1.1658652510959655e-05 -1.1658652510959655e-05 -1.1658652510959655e-05 
1649077018.2008502 0.17347045397764305 -0.20152658077859087 0.8712871762327268 0.06750922802166315 -0.11577505470631877 0.11575173740129685 0.289420114539098 0.4630884916841751 0.9215785952692386 0.0805477440735558 -2.075510582792049 -1.1658652510959655e-05 -1.1658652510959655e-05 -1.1658652510959655e-05 -1.1658652510959655e-05 -1.1658652510959655e-05 
1649077018.2131429 0.17347045397764305 -0.20152658077859087 0.8712871762327268 0.06750922802166315 -0.11577505470631877 0.11575173740129685 0.289420114539098 0.4630884916841751 0.9215785952692386 0.0805477440735558 -2.075510582792049 -1.1658652510959655e-05 -1.1658652510959655e-05 -1.1658652510959655e-05 -1.1658652510959655e-05 -1.1658652510959655e-05 
1649077018.2335265 0.17347045397764305 -0.20152658077859087 0.8712871762327268 0.06750922802166315 -0.11577505470631877 0.11575173740129685 0.289420114539098 0.4630884916841751 0.9215785952692386 0.0805477440735558 -2.075510582792049 -1.1658652510959655e-05 -1.1658652510959655e-05 -1.1658652510959655e-05 -1.1658652510959655e-05 -1.1658652510959655e-05 
1649077018.2458045 0.17347045397764305 -0.20152658077859087 0.8712871762327268 0.06750922802166315 -0.11577505470631877 0.11575173740129685 0.289420114539098 0.4630884916841751 0.9215785952692386 0.0805477440735558 -2.075510582792049 -1.1658652510959655e-05 -1.1658652510959655e-05 -1.1658652510959655e-05 -1.1658652510959655e-05 -1.1658652510959655e-05 
1649077018.2700775 0.17347045397764305 -0.20152658077859087 0.8712871762327268 0.06750922802166315 -0.11577505470631877 0.11575173740129685 0.289420114539098 0.4630884916841751 0.9215785952692386 0.0805477440735558 -2.075510582792049 -1.1658652510959655e-05 -1.1658652510959655e-05 -1.1658652510959655e-05 -1.1658652510959655e-05 -1.1658652510959655e-05 
1649077018.2785654 0.17347045397764305 -0.20152658077859087 0.8712871762327268 0.06750922802166315 -0.11577505470631877 0.11575173740129685 0.289420114539098 0.4630884916841751 0.9215785952692386 0.0805477440735558 -2.075510582792049 -1.1658652510959655e-05 -1.1658652510959655e-05 -1.1658652510959655e-05 -1.1658652510959655e-05 -1.1658652510959655e-05 
1649077018.294767 0.397732929995982 -0.18310967686556978 0.8706818165592267 0.0210595146054402 -1.1658652510959655e-05 -1.1658652510959655e-05 -0.057893356679414865 -1.1658652510959655e-05 0.9276554750758805 0.0805477440735558 -2.079864515828376 -1.1658652510959655e-05 -1.1658652510959655e-05 -1.1658652510959655e-05 -1.1658652510959655e-05 -1.1658652510959655e-05 
1649077018.311296 0.3930064679298084 -0.17756830754660768 0.8707283826879575 0.021315628313459456 -1.1658652510959655e-05 -1.1658652510959655e-05 -1.1658652510959655e-05 -1.1658652510959655e-05 0.929005892809073 0.0805477440735558 -2.080283610986953 -1.1658652510959655e-05 -1.1658652510959655e-05 -1.1658652510959655e-05 -1.1658652510959655e-05 -1.1658652510959655e-05 
1649077018.3313239 0.45200575303897494 -0.17961721721076174 0.870937930267246 0.026251637958921492 -1.1658652510959655e-05 -1.1658652510959655e-05 0.057870039374392945 -1.1658652510959655e-05 0.9304960089284577 0.0805477440735558 -2.0807958384029916 -1.1658652510959655e-05 -1.1658652510959655e-05 -1.1658652510959655e-05 -1.1658652510959655e-05 -1.1658652510959655e-05 
1649077018.3507557 0.38336727927526226 -0.2559391022150521 0.8709844963959767 0.027997867786325514 -1.1658652510959655e-05 -1.1658652510959655e-05 -1.1658652510959655e-05 -1.1658652510959655e-05 0.9312643500525155 0.0805477440735558 -2.0810752351753763 -1.1658652510959655e-05 -1.1658652510959655e-05 -1.1658652510959655e-05 -1.1658652510959655e-05 -1.1658652510959655e-05 
1649077018.3833983 0.3505148754484253 -0.2212007701746188 0.8708680810741498 0.0248080879682675 -1.1658652510959655e-05 -1.1658652510959655e-05 -1.1658652510959655e-05 -1.1658652510959655e-05 0.9345006959993043 0.0805477440735558 -2.0821695392078254 -1.1658652510959655e-05 -1.1658652510959655e-05 -1.1658652510959655e-05 -1.1658652510959655e-05 -1.1658652510959655e-05 
1649077018.409434 0.41384481053682975 -0.23188769671833143 0.8709844963959767 0.025483296834863722 -1.1658652510959655e-05 -1.1658652510959655e-05 -1.1658652510959655e-05 -1.1658652510959655e-05 0.9371549653369584 0.0805477440735558 -2.082937880331883 -1.1658652510959655e-05 -1.1658652510959655e-05 -1.1658652510959655e-05 -1.1658652510959655e-05 -1.1658652510959655e-05 
1649077018.4420373 0.36066629151901 -0.24641632888960885 0.8709844963959767 0.026368053280748427 -1.1658652510959655e-05 -1.1658652510959655e-05 -1.1658652510959655e-05 -1.1658652510959655e-05 0.9400420653182664 0.08057102713792119 -2.0837295045203064 -1.1658652510959655e-05 -1.1658652510959655e-05 -1.1658652510959655e-05 -1.1658652510959655e-05 -1.1658652510959655e-05 
1649077018.482709 0.39901349853607826 -0.23724280152964639 0.8709844963959767 0.024691672646440566 -1.1658652510959655e-05 -1.1658652510959655e-05 -1.1658652510959655e-05 -1.1658652510959655e-05 0.9431852790075936 0.08057102713792119 -2.084497845644364 -1.1658652510959655e-05 -1.1658652510959655e-05 -1.1658652510959655e-05 -1.1658652510959655e-05 -1.1658652510959655e-05 
1649077018.50747 0.36781419227918377 -0.24967595790076302 0.8710310625247075 0.02541344764176756 -1.1658652510959655e-05 -1.1658652510959655e-05 -1.1658652510959655e-05 -1.1658652510959655e-05 0.9476090612370172 0.08057102713792119 -2.085522300476441 -1.1658652510959655e-05 -1.1658652510959655e-05 -1.1658652510959655e-05 -1.1658652510959655e-05 -1.1658652510959655e-05 
1649077018.546646 0.384554715557897 -0.26813942794979084 0.8710077794603421 0.024784804903902113 -1.1658652510959655e-05 -1.1658652510959655e-05 -1.1658652510959655e-05 -1.1658652510959655e-05 0.9512645023423829 0.08057102713792119 -2.0863139246648643 -1.1658652510959655e-05 -1.1658652510959655e-05 -1.1658652510959655e-05 -1.1658652510959655e-05 -1.1658652510959655e-05 
1649077018.5793557 0.3883498550494551 -0.23712638620781945 0.8710077794603421 0.023993180715478957 -1.1658652510959655e-05 -1.1658652510959655e-05 -1.1658652510959655e-05 -1.1658652510959655e-05 0.9551993402274093 0.08057102713792119 -2.0870356996601913 -1.1658652510959655e-05 -1.1658652510959655e-05 -1.1658652510959655e-05 -1.1658652510959655e-05 -1.1658652510959655e-05 
1649077018.6126018 0.38909491310914746 -0.22811584029113874 0.8710776286534383 0.02604209037963301 -1.1658652510959655e-05 -1.1658652510959655e-05 -1.1658652510959655e-05 -1.1658652510959655e-05 0.9608105587394675 0.08057102713792119 -2.0880834375566337 -1.1658652510959655e-05 -1.1658652510959655e-05 -1.1658652510959655e-05 -1.1658652510959655e-05 -1.1658652510959655e-05 
1649077018.6382666 0.36050331006845227 -0.22704481933033094 0.8710543455890729 0.024994352483190596 -1.1658652510959655e-05 -1.1658652510959655e-05 -1.1658652510959655e-05 -1.1658652510959655e-05 0.9653274732263526 0.08057102713792119 -2.0888517786806915 -1.1658652510959655e-05 -1.1658652510959655e-05 -1.1658652510959655e-05 -1.1658652510959655e-05 -1.1658652510959655e-05 
1649077018.6610265 0.37053831080993405 -0.24683542404818581 0.8711474778465345 0.02564627828542143 -1.1658652510959655e-05 -1.1658652510959655e-05 -1.1658652510959655e-05 -1.1658652510959655e-05 0.9684241207869491 0.08057102713792119 -2.08936400609673 -1.1658652510959655e-05 -1.1658652510959655e-05 -1.1658652510959655e-05 -1.1658652510959655e-05 -1.1658652510959655e-05 
1649077018.6756685 0.36995623420079937 -0.2516783014361863 0.8711009117178037 0.02504091861192137 -1.1658652510959655e-05 -1.1658652510959655e-05 -1.1658652510959655e-05 -1.1658652510959655e-05 0.9700306522281608 0.08057102713792119 -2.0896201198047493 -1.1658652510959655e-05 -1.1658652510959655e-05 -1.1658652510959655e-05 -1.1658652510959655e-05 -1.1658652510959655e-05 
1649077018.691606 0.38592841635545483 -0.21759189519798383 0.8711707609108998 0.02634477021638304 -1.1658652510959655e-05 -1.1658652510959655e-05 -1.1658652510959655e-05 -1.1658652510959655e-05 0.9733368473680457 0.08057102713792119 -2.090155630285153 -1.1658652510959655e-05 -1.1658652510959655e-05 -1.1658652510959655e-05 -1.1658652510959655e-05 -1.1658652510959655e-05 
1649077018.7035077 0.3941473380837124 -0.18087450268649263 0.8711707609108998 0.025902391993440688 -1.1658652510959655e-05 -1.1658652510959655e-05 -1.1658652510959655e-05 -1.1658652510959655e-05 0.9767594578297576 0.08057102713792119 -2.0906678577011917 -1.1658652510959655e-05 -1.1658652510959655e-05 -1.1658652510959655e-05 -1.1658652510959655e-05 -1.1658652510959655e-05 
1649077018.7200096 0.42560275804862613 -0.22618334594881162 0.8711940439752652 0.026391336345113814 -1.1658652510959655e-05 -1.1658652510959655e-05 -1.1658652510959655e-05 -1.1658652510959655e-05 0.9785056876571616 0.08057102713792119 -2.0909472544735763 -1.1658652510959655e-05 -1.1658652510959655e-05 -1.1658652510959655e-05 -1.1658652510959655e-05 -1.1658652510959655e-05 
1649077018.743682 0.40257580738398246 -0.19775472435139818 0.8711707609108998 0.025785976671613753 -1.1658652510959655e-05 -1.1658652510959655e-05 -1.1658652510959655e-05 -1.1658652510959655e-05 0.982137845698162 0.08057102713792119 -2.091459481889615 -1.1658652510959655e-05 -1.1658652510959655e-05 -1.1658652510959655e-05 -1.1658652510959655e-05 -1.1658652510959655e-05 
1649077018.7764158 0.3804568962295889 -0.22341266128933057 0.871240610103996 0.026088656508363783 -1.1658652510959655e-05 -1.1658652510959655e-05 -1.1658652510959655e-05 -1.1658652510959655e-05 0.9877257811531308 0.08057102713792119 -2.092251106078038 -1.1658652510959655e-05 -1.1658652510959655e-05 -1.1658652510959655e-05 -1.1658652510959655e-05 -1.1658652510959655e-05 
1649077018.7929163 0.37549760351976147 -0.2422020942394738 0.8712871762327268 0.026391336345113814 -1.1658652510959655e-05 -1.1658652510959655e-05 -1.1658652510959655e-05 -1.1658652510959655e-05 0.9916839020952466 0.08059431020228658 -2.092786616558442 -1.1658652510959655e-05 -1.1658652510959655e-05 -1.1658652510959655e-05 -1.1658652510959655e-05 -1.1658652510959655e-05 
1649077018.8088415 0.36336712698539486 -0.2393382773225312 0.8712638931683614 0.025366881513036788 -1.1658652510959655e-05 -1.1658652510959655e-05 -1.1658652510959655e-05 -1.1658652510959655e-05 0.9937095286950353 0.08059431020228658 -2.093042730266461 -1.1658652510959655e-05 -1.1658652510959655e-05 -1.1658652510959655e-05 -1.1658652510959655e-05 -1.1658652510959655e-05 
1649077018.818079 0.39959557514521293 -0.22769674513256177 0.8713104592970922 0.026018807315267622 -1.1658652510959655e-05 -1.1658652510959655e-05 -1.1658652510959655e-05 -1.1658652510959655e-05 0.9978539141520741 0.08059431020228658 -2.0935549576824997 -1.1658652510959655e-05 -1.1658652510959655e-05 -1.1658652510959655e-05 -1.1658652510959655e-05 -1.1658652510959655e-05 
1649077018.8416297 0.39340228002402 -0.20436711463844404 0.8713104592970922 0.0258791089290753 -1.1658652510959655e-05 -1.1658652510959655e-05 -1.1658652510959655e-05 -1.1658652510959655e-05 1.0021379979953053 0.08059431020228658 -2.0940904681629036 -1.1658652510959655e-05 -1.1658652510959655e-05 -1.1658652510959655e-05 -1.1658652510959655e-05 -1.1658652510959655e-05 
1649077018.8565464 0.3856257365187048 -0.2076500267139636 0.8713570254258229 0.026787148439325392 -1.1658652510959655e-05 -1.1658652510959655e-05 -1.1658652510959655e-05 -1.1658652510959655e-05 1.004349889110017 0.08059431020228658 -2.094346581870923 -1.1658652510959655e-05 -1.1658652510959655e-05 -1.1658652510959655e-05 -1.1658652510959655e-05 -1.1658652510959655e-05 
1649077018.8723269 0.41009623717400245 -0.20464651141082868 0.8713803084901883 0.02648446860257536 -1.1658652510959655e-05 -1.1658652510959655e-05 -1.1658652510959655e-05 -1.1658652510959655e-05 1.0088668035969022 0.08059431020228658 -2.0948820923513267 -1.1658652510959655e-05 -1.1658652510959655e-05 -1.1658652510959655e-05 -1.1658652510959655e-05 -1.1658652510959655e-05 
1649077018.8908021 0.3883032889207243 -0.2537970602934365 0.8714268746189191 0.026531034731306136 -1.1658652510959655e-05 -1.1658652510959655e-05 -1.1658652510959655e-05 -1.1658652510959655e-05 1.0135234164699796 0.08059431020228658 -2.0954176028317306 -1.1658652510959655e-05 -1.1658652510959655e-05 -1.1658652510959655e-05 -1.1658652510959655e-05 -1.1658652510959655e-05 
1649077018.9162216 0.37342541079124203 -0.23752219830203103 0.8714501576832845 0.02580925973597914 -1.1658652510959655e-05 -1.1658652510959655e-05 -1.1658652510959655e-05 -1.1658652510959655e-05 1.0206713172374293 0.08059431020228658 -2.0962092270201538 -1.1658652510959655e-05 -1.1658652510959655e-05 -1.1658652510959655e-05 -1.1658652510959655e-05 -1.1658652510959655e-05 
1649077018.9339304 0.4071625710639637 -0.17181739064108115 0.8714035915545537 0.025366881513036788 -1.1658652510959655e-05 -1.1658652510959655e-05 -1.1658652510959655e-05 -1.1658652510959655e-05 1.025700459140353 0.08059431020228658 -2.0967214544361923 -1.1658652510959655e-05 -1.1658652510959655e-05 -1.1658652510959655e-05 -1.1658652510959655e-05 -1.1658652510959655e-05 
1649077018.9488926 0.399479159823386 -0.23752219830203103 0.8714268746189191 0.025692844414152205 -1.1658652510959655e-05 -1.1658652510959655e-05 -1.1658652510959655e-05 -1.1658652510959655e-05 1.0282615962205455 0.08059431020228658 -2.0969775681442115 -1.1658652510959655e-05 -1.1658652510959655e-05 -1.1658652510959655e-05 -1.1658652510959655e-05 -1.1658652510959655e-05 
1649077018.9727366 0.386300945385301 -0.19281871470593615 0.8714501576832845 0.025622995221056044 -1.1658652510959655e-05 -1.1658652510959655e-05 -1.1658652510959655e-05 -1.1658652510959655e-05 1.0335468518314883 0.08059431020228658 -2.09748979556025 -1.1658652510959655e-05 -1.1658652510959655e-05 -1.1658652510959655e-05 -1.1658652510959655e-05 -1.1658652510959655e-05 
1649077019.0055537 0.3911205397089361 -0.21535672101890668 0.8714967238120153 0.026065373443998396 -1.1658652510959655e-05 -1.1658652510959655e-05 -1.1658652510959655e-05 -1.1658652510959655e-05 1.0416260751662776 0.08059431020228658 -2.098281419748673 -1.1658652510959655e-05 -1.1658652510959655e-05 -1.1658652510959655e-05 -1.1658652510959655e-05 -1.1658652510959655e-05 
1649077019.0142229 0.37696443657478085 -0.2566841602747445 0.8715665730051114 0.026321487152017653 -1.1658652510959655e-05 -1.1658652510959655e-05 -1.1658652510959655e-05 -1.1658652510959655e-05 1.0472838598070666 0.08059431020228658 -2.098816930229077 -1.1658652510959655e-05 -1.1658652510959655e-05 -1.1658652510959655e-05 -1.1658652510959655e-05 -1.1658652510959655e-05 
1649077019.057419 0.3681401551802992 -0.24029288296151208 0.8715665730051114 0.026228354894556105 -1.1658652510959655e-05 -1.1658652510959655e-05 -1.1658652510959655e-05 -1.1658652510959655e-05 1.055968442822632 0.08059431020228658 -2.0996085544175003 -1.1658652510959655e-05 -1.1658652510959655e-05 -1.1658652510959655e-05 -1.1658652510959655e-05 -1.1658652510959655e-05 
1649077019.0716894 0.40811717670294456 -0.19063010665558977 0.871543289940746 0.025483296834863722 -1.1658652510959655e-05 -1.1658652510959655e-05 -1.1658652510959655e-05 -1.1658652510959655e-05 1.0620220395576325 0.08059431020228658 -2.100120781833539 -1.1658652510959655e-05 -1.1658652510959655e-05 -1.1658652510959655e-05 -1.1658652510959655e-05 -1.1658652510959655e-05 
1649077019.0796206 0.3313994796044426 -0.27202769969881047 0.8717295544556691 0.028766208910383284 0.17365671849256614 -1.1658652510959655e-05 -1.1658652510959655e-05 -0.4052068278979277 1.0650721209894982 0.08061759326665197 -2.1004001786059234 -1.1658652510959655e-05 -1.1658652510959655e-05 -1.1658652510959655e-05 -1.1658652510959655e-05 -1.1658652510959655e-05 
1649077019.1197577 0.5990383045427734 -0.31023520832968643 0.8729402738026693 0.048137718469661195 0.289420114539098 0.11575173740129685 -1.1658652510959655e-05 -0.2894434318441199 1.0774121451031533 0.08064087633101735 -2.1020998423045967 -1.1658652510959655e-05 -1.1658652510959655e-05 -1.1658652510959655e-05 -1.1658652510959655e-05 -1.1658652510959655e-05 
1649077019.1290612 0.0625965014405665 -0.24897746596980141 0.8730566891244962 0.04778847250418039 0.2315384165121941 0.11575173740129685 -1.1658652510959655e-05 -0.057893356679414865 1.080648491057218 0.08064087633101735 -2.10258878665627 -1.1658652510959655e-05 -1.1658652510959655e-05 -1.1658652510959655e-05 -1.1658652510959655e-05 -1.1658652510959655e-05 
1649077019.145093 0.7991795258785714 -0.19500732275628252 0.8731731044463231 0.04306201043073088 0.2315384165121941 -1.1658652510959655e-05 -1.1658652510959655e-05 -0.057893356679414865 1.0839314031327376 0.08061759326665197 -2.1030078818148468 -1.1658652510959655e-05 -1.1658652510959655e-05 -1.1658652510959655e-05 -1.1658652510959655e-05 -1.1658652510959655e-05 
1649077019.1685147 0.7991795258785714 -0.19500732275628252 0.8731731044463231 0.04306201043073088 0.2315384165121941 -1.1658652510959655e-05 -1.1658652510959655e-05 -0.057893356679414865 1.0839314031327376 0.08061759326665197 -2.1030078818148468 -1.1658652510959655e-05 -1.1658652510959655e-05 -1.1658652510959655e-05 -1.1658652510959655e-05 -1.1658652510959655e-05 
1649077019.1777112 0.7991795258785714 -0.19500732275628252 0.8731731044463231 0.04306201043073088 0.2315384165121941 -1.1658652510959655e-05 -1.1658652510959655e-05 -0.057893356679414865 1.0839314031327376 0.08061759326665197 -2.1030078818148468 -1.1658652510959655e-05 -1.1658652510959655e-05 -1.1658652510959655e-05 -1.1658652510959655e-05 -1.1658652510959655e-05 
1649077019.194093 0.7991795258785714 -0.19500732275628252 0.8731731044463231 0.04306201043073088 0.2315384165121941 -1.1658652510959655e-05 -1.1658652510959655e-05 -0.057893356679414865 1.0839314031327376 0.08061759326665197 -2.1030078818148468 -1.1658652510959655e-05 -1.1658652510959655e-05 -1.1658652510959655e-05 -1.1658652510959655e-05 -1.1658652510959655e-05 
1649077019.233754 0.7991795258785714 -0.19500732275628252 0.8731731044463231 0.04306201043073088 0.2315384165121941 -1.1658652510959655e-05 -1.1658652510959655e-05 -0.057893356679414865 1.0839314031327376 0.08061759326665197 -2.1030078818148468 -1.1658652510959655e-05 -1.1658652510959655e-05 -1.1658652510959655e-05 -1.1658652510959655e-05 -1.1658652510959655e-05 
1649077019.259531 0.7991795258785714 -0.19500732275628252 0.8731731044463231 0.04306201043073088 0.2315384165121941 -1.1658652510959655e-05 -1.1658652510959655e-05 -0.057893356679414865 1.0839314031327376 0.08061759326665197 -2.1030078818148468 -1.1658652510959655e-05 -1.1658652510959655e-05 -1.1658652510959655e-05 -1.1658652510959655e-05 -1.1658652510959655e-05 
1649077019.3157158 -0.2590124667112832 -0.20790614042198285 0.8728937076739385 0.021245779120363295 0.11575173740129685 0.057870039374392945 -1.1658652510959655e-05 -0.17368003579758806 1.146772393869469 0.08064087633101735 -2.107967174524674 -1.1658652510959655e-05 -1.1658652510959655e-05 -1.1658652510959655e-05 -1.1658652510959655e-05 -1.1658652510959655e-05 
1649077019.348282 0.38197029541333904 -0.14285325857053977 0.8721486496142461 0.008207263068470638 0.11575173740129685 -1.1658652510959655e-05 -0.11577505470631877 -0.3473251298710238 1.1591589841118548 0.08066415939538274 -2.108386269683251 -1.1658652510959655e-05 -1.1658652510959655e-05 -1.1658652510959655e-05 -1.1658652510959655e-05 -1.1658652510959655e-05 
1649077019.414072 0.5370122210588306 -0.30983939623547485 0.8701230230144574 -0.009930244072165806 -1.1658652510959655e-05 -0.057893356679414865 -0.057893356679414865 -0.057893356679414865 1.1851196008865372 0.08071072552411351 -2.107943891460309 -1.1658652510959655e-05 -1.1658652510959655e-05 -1.1658652510959655e-05 -1.1658652510959655e-05 -1.1658652510959655e-05 
1649077019.446236 0.2622022122886847 -0.16159612538467627 0.8707749488166883 0.023248122655786574 0.057870039374392945 -1.1658652510959655e-05 -1.1658652510959655e-05 -1.1658652510959655e-05 1.2036063539926545 0.08066415939538274 -2.1083629866188858 -1.1658652510959655e-05 -1.1658652510959655e-05 -1.1658652510959655e-05 -1.1658652510959655e-05 -1.1658652510959655e-05 
1649077019.4799979 0.40471784930559807 -0.22064197662984952 0.8706818165592267 0.03048915567342192 0.057870039374392945 -1.1658652510959655e-05 -1.1658652510959655e-05 -1.1658652510959655e-05 1.218018570842105 0.08066415939538274 -2.1092943091935012 -1.1658652510959655e-05 -1.1658652510959655e-05 -1.1658652510959655e-05 -1.1658652510959655e-05 -1.1658652510959655e-05 
1649077019.5046217 0.41633609842392616 -0.2023647710957448 0.8704489859155728 0.020477437996305525 0.057870039374392945 -1.1658652510959655e-05 -0.057893356679414865 -0.057893356679414865 1.2328964489715872 0.08066415939538274 -2.109992801124463 -1.1658652510959655e-05 -1.1658652510959655e-05 -1.1658652510959655e-05 -1.1658652510959655e-05 -1.1658652510959655e-05 
1649077019.5290325 0.39614968161913566 -0.2613407731478219 0.8704257028512075 0.020407588803209364 -1.1658652510959655e-05 -1.1658652510959655e-05 -0.057893356679414865 -0.17368003579758806 1.2428616005272488 0.08066415939538274 -2.1103886132186744 -1.1658652510959655e-05 -1.1658652510959655e-05 -1.1658652510959655e-05 -1.1658652510959655e-05 -1.1658652510959655e-05 
1649077019.5373325 0.3483495504624443 -0.2517015845005517 0.8697272109202459 0.013143272713932674 -1.1658652510959655e-05 -1.1658652510959655e-05 -0.11577505470631877 -0.17368003579758806 1.2530595827192883 0.08068744245974813 -2.1106912930554245 -1.1658652510959655e-05 -1.1658652510959655e-05 -1.1658652510959655e-05 -1.1658652510959655e-05 -1.1658652510959655e-05 
1649077019.5535684 0.34273833195038605 -0.12548409254668513 0.8693081157616689 0.006437750176701229 0.057870039374392945 0.11575173740129685 -0.11577505470631877 -0.2894434318441199 1.2582284230084042 0.08071072552411351 -2.1107611422485206 -1.1658652510959655e-05 -1.1658652510959655e-05 -1.1658652510959655e-05 -1.1658652510959655e-05 -1.1658652510959655e-05 
1649077019.5750928 0.3537046552664833 -0.2502580345098977 0.868353510122688 -0.009394733591761906 -1.1658652510959655e-05 0.3473018125660019 -0.231561733817216 -0.3473251298710238 1.2686592358513735 0.08080385778157506 -2.110668009991059 -1.1658652510959655e-05 -1.1658652510959655e-05 -1.1658652510959655e-05 -1.1658652510959655e-05 -1.1658652510959655e-05 
1649077019.5913155 0.18972203290468315 -0.03027964233478997 0.8678878488353803 -0.012770777924743015 0.11575173740129685 0.11575173740129685 -0.4052068278979277 -0.5788752050357289 1.273921208397951 0.08082714084594045 -2.110551594669232 -1.1658652510959655e-05 -1.1658652510959655e-05 -1.1658652510959655e-05 -1.1658652510959655e-05 -1.1658652510959655e-05 
1649077019.6028135 0.2937041983823292 -0.11652011276601115 0.867026375453861 -0.017869769028038718 0.11575173740129685 0.17365671849256614 -0.5209935070161009 -0.6946386010895367 1.2845382857485674 0.08087370697467122 -2.1102256317681167 -1.1658652510959655e-05 -1.1658652510959655e-05 -1.1658652510959655e-05 -1.1658652510959655e-05 -1.1658652510959655e-05 
1649077019.6274273 -0.045646464815945365 -0.3063469365806668 0.8657458069137647 -0.0212923794897506 0.289420114539098 0.4630884916841751 -0.4052068278979277 -0.6946386010895367 1.29522521229228 0.080920273103402 -2.1097832535451744 -1.1658652510959655e-05 -1.1658652510959655e-05 -1.1658652510959655e-05 -1.1658652510959655e-05 -1.1658652510959655e-05 
1649077019.6433873 0.4647183061897522 -0.36737184829689795 0.8665374311021878 -0.0013155102569726296 0.8682836609295919 0.4630884916841751 -0.17368003579758806 -0.7525202991164406 1.306051837229461 0.08096683923213277 -2.1096202720946167 -1.1658652510959655e-05 -1.1658652510959655e-05 -1.1658652510959655e-05 -1.1658652510959655e-05 -1.1658652510959655e-05 
1649077019.656444 -0.04757895916554844 -0.3131921575040906 0.8671660738400533 0.01509905012062518 0.8682836609295919 0.578851887730707 -0.4052068278979277 -0.8683069782346138 1.3115000742909615 0.08099012229649816 -2.1097832535451744 -1.1658652510959655e-05 -1.1658652510959655e-05 -1.1658652510959655e-05 -1.1658652510959655e-05 -1.1658652510959655e-05 
1649077019.668068 0.0029685735862585716 -0.22019959840690717 0.8672824891618802 0.03847524675074965 0.7524969818114187 0.6367335857576109 -0.6946386010895367 -1.1577387514262227 1.3224663976070588 0.08103668842522893 -2.1105050285405014 -1.1658652510959655e-05 -1.1658652510959655e-05 -1.1658652510959655e-05 -1.1658652510959655e-05 -1.1658652510959655e-05 
1649077019.6899688 0.0018509864967199974 -0.20767330977832898 0.8663977327159955 0.02841696294490248 0.810401962902688 0.6367335857576109 -0.8683069782346138 -1.0998570533993188 1.3280077669260208 0.08103668842522893 -2.110784425312886 -1.1658652510959655e-05 -1.1658652510959655e-05 -1.1658652510959655e-05 -1.1658652510959655e-05 -1.1658652510959655e-05 
1649077019.7060342 0.4057190210733097 -0.26411145780730294 0.8639995770863607 -0.01586742549261544 1.2734788301750086 0.6946152837845148 -0.8683069782346138 -1.8523656938632485 1.338974090249394 0.08110653761832509 -2.1106912930554245 -1.1658652510959655e-05 -1.1658652510959655e-05 -1.1658652510959655e-05 -1.1658652510959655e-05 -1.1658652510959655e-05 
1649077019.7198277 -0.4561501727439463 0.2544955179837416 0.8621834980658605 -0.053911952672933694 0.9261653589564958 0.8682836609295919 -0.9261886762615177 -2.0260340710083256 1.3500801119516836 0.0812695190688828 -2.1097832535451744 -1.1658652510959655e-05 -1.1658652510959655e-05 -1.1658652510959655e-05 -1.1658652510959655e-05 -1.1658652510959655e-05 
1649077019.7388315 0.29021173872752115 0.003457517937931698 0.8610891940406873 -0.06627525985095417 1.3313605282019125 0.9261653589564958 -1.1577387514262227 -2.4891109382806462 1.3556214812706457 0.08136265132634435 -2.109108044678578 -1.1658652510959655e-05 -1.1658652510959655e-05 -1.1658652510959655e-05 -1.1658652510959655e-05 -1.1658652510959655e-05 
1649077019.7551627 -0.21333109441911802 0.1855310813189135 0.8573173376062186 -0.09242214114055969 1.5629106033666176 1.099833736094297 -0.9261886762615177 -3.0100927866369602 1.3666809368514805 0.0816187650343636 -2.107361814851174 -1.1658652510959655e-05 -1.1658652510959655e-05 -1.1658652510959655e-05 -1.1658652510959655e-05 -1.1658652510959655e-05 
1649077019.771604 0.24739418335229857 -0.032468250385136344 0.8560367690661224 -0.09512297660694458 2.5469693189952523 1.3892655092859059 -1.3313838455069344 -2.836424409499159 1.3778102416181355 0.0818050295492867 -2.1054526035732124 -1.1658652510959655e-05 -1.1658652510959655e-05 -1.1658652510959655e-05 -1.1658652510959655e-05 -1.1658652510959655e-05 
1649077019.7824535 -0.25375049416470574 -0.6277230740888626 0.8560367690661224 -0.07854543477878906 2.4890876209756243 1.7944606785313226 -1.2735021474800305 -3.067974484663864 1.3833050448083668 0.08189816180674825 -2.1046609793847892 -1.1658652510959655e-05 -1.1658652510959655e-05 -1.1658652510959655e-05 -1.1658652510959655e-05 -1.1658652510959655e-05 
1649077019.7987907 -0.00874280778953107 -0.1886277631201665 0.8552218618133338 -0.0430853277357528 2.4890876209756243 1.9102240745851304 -1.4471705246178317 -3.588956333027454 1.3944110665179323 0.08224740777222905 -2.1037063737458084 -1.1658652510959655e-05 -1.1658652510959655e-05 -1.1658652510959655e-05 -1.1658652510959655e-05 -1.1658652510959655e-05 
1649077019.8204002 0.09812645766942296 -0.18283028009318514 0.8514034392574104 -0.0633648768052808 2.1417741497498355 2.0838924517302075 -1.6786973167254473 -4.225701577437576 1.4054472390271258 0.08266650293080602 -2.102612069720635 -1.1658652510959655e-05 -1.1658652510959655e-05 -1.1658652510959655e-05 -1.1658652510959655e-05 -1.1658652510959655e-05 
1649077019.8478773 -0.6358488635523827 -0.10231744349584915 0.8475151675083907 -0.11288795472501079 3.415264638577355 2.4312059229487204 -1.9681290899170563 -4.225701577437576 1.421885082469089 0.08320201341120992 -2.0994921390956733 -1.1658652510959655e-05 -1.1658652510959655e-05 -1.1658652510959655e-05 -1.1658652510959655e-05 -1.1658652510959655e-05 
1649077019.897048 0.8697504939846112 -1.0141288103841362 0.8430681022146018 -0.07356285899732029 3.878364788914041 2.894282790213765 -2.1996791650817613 -5.209760293066211 1.4491961169769638 0.08406348679272924 -2.095138206059346 -1.1658652510959655e-05 -1.1658652510959655e-05 -1.1658652510959655e-05 -1.1658652510959655e-05 -1.1658652510959655e-05 
1649077019.9133077 -0.3703520805356675 -0.6810180084357853 0.8413218723871978 -0.06280608326051151 4.572991731351067 3.415264638577355 -2.1996791650817613 -5.2676419910931145 1.460162440300337 0.08443601582257543 -2.093764505261788 -1.1658652510959655e-05 -1.1658652510959655e-05 -1.1658652510959655e-05 -1.1658652510959655e-05 -1.1658652510959655e-05 
1649077019.935497 -0.07682248800847447 -0.38662694252707297 0.8422066288330825 -0.02827729879936669 4.688755127404875 3.2416195445039193 -2.604874334327178 -5.4991920662650955 1.4656805265549337 0.08459899727313314 -2.0934851084894035 -1.1658652510959655e-05 -1.1658652510959655e-05 -1.1658652510959655e-05 -1.1658652510959655e-05 -1.1658652510959655e-05 
1649077019.9459407 -0.23037429753458127 -0.6524031223234488 0.8442788215616019 0.025599712156690657 5.499168748960074 3.357382940550451 -2.7206610134453513 -5.036091915928409 1.476833114385954 0.08471541259496007 -2.0937179391330574 -1.1658652510959655e-05 -1.1658652510959655e-05 -1.1658652510959655e-05 -1.1658652510959655e-05 -1.1658652510959655e-05 
1649077019.9831321 1.0053976270064595 0.02711311134044081 0.8459552021959098 0.0800122335931519 5.90436391820549 3.531028034631163 -3.125856182690768 -5.846505537483608 1.493433939285751 0.08480854485242162 -2.095813414925942 -1.1658652510959655e-05 -1.1658652510959655e-05 -1.1658652510959655e-05 -1.1658652510959655e-05 -1.1658652510959655e-05 
1649077020.0113423 -1.0627205657292507 0.05356267246679636 0.8490285666921409 0.09915091250149999 6.251677389424003 3.994128184967849 -2.9522110886100563 -6.078055612648313 1.5098484996633488 0.08504137549607549 -2.098747081035981 -1.1658652510959655e-05 -1.1658652510959655e-05 -1.1658652510959655e-05 -1.1658652510959655e-05 -1.1658652510959655e-05 
1649077020.0510087 -0.6628339351591421 -0.1185690224301652 0.8503789844253333 0.06981425139383646 7.351522784170811 4.109891581014381 -3.994151502272871 -6.830564253112243 1.5322002414613962 0.08487839404551778 -2.102123125368962 -1.1658652510959655e-05 -1.1658652510959655e-05 -1.1658652510959655e-05 -1.1658652510959655e-05 -1.1658652510959655e-05 
1649077020.0766947 0.8115661161209573 -1.272873504742165 0.8522183465101989 0.07826600376574788 6.772659237780317 4.16779656210565 -4.052033200292499 -6.946350932230416 1.5488709155470133 0.08487839404551778 -2.10440486567677 -1.1658652510959655e-05 -1.1658652510959655e-05 -1.1658652510959655e-05 -1.1658652510959655e-05 -1.1658652510959655e-05 
1649077020.1173856 -1.0599498810697696 1.1673313397041056 0.8511938916781219 0.04252649995032698 7.351522784170811 4.862423504542676 -4.457228369537916 -7.351546101475833 1.5655648727042717 0.08504137549607549 -2.1061743785685394 -1.1658652510959655e-05 -1.1658652510959655e-05 -1.1658652510959655e-05 -1.1658652510959655e-05 -1.1658652510959655e-05 
1649077020.148871 2.3333704864635365 0.008556509033951443 0.8521252142527374 0.026205071830190718 7.930386330554029 4.746636825431779 -4.688778444709897 -7.872527949839423 1.5769037250502151 0.08511122468917165 -2.106803021306405 -1.1658652510959655e-05 -1.1658652510959655e-05 -1.1658652510959655e-05 -1.1658652510959655e-05 -1.1658652510959655e-05 
1649077020.1814137 2.3333704864635365 0.008556509033951443 0.8521252142527374 0.026205071830190718 7.930386330554029 4.746636825431779 -4.688778444709897 -7.872527949839423 1.5769037250502151 0.08511122468917165 -2.106803021306405 -1.1658652510959655e-05 -1.1658652510959655e-05 -1.1658652510959655e-05 -1.1658652510959655e-05 -1.1658652510959655e-05 
1649077020.2304287 2.3333704864635365 0.008556509033951443 0.8521252142527374 0.026205071830190718 7.930386330554029 4.746636825431779 -4.688778444709897 -7.872527949839423 1.5769037250502151 0.08511122468917165 -2.106803021306405 -1.1658652510959655e-05 -1.1658652510959655e-05 -1.1658652510959655e-05 -1.1658652510959655e-05 -1.1658652510959655e-05 
1649077020.2728758 1.020834298687987 4.466355296535767 0.8614850061348989 0.10264337215630803 9.956385459845478 6.193795691397099 -5.325523689120018 -8.740799986349884 1.6559497285925318 0.08576315049140248 -2.1179788922090665 -1.1658652510959655e-05 -1.1658652510959655e-05 -1.1658652510959655e-05 -1.1658652510959655e-05 -1.1658652510959655e-05 
1649077020.3463237 -2.580008021577669 -3.1609204776323168 0.8677248673848226 0.10979127292375779 10.477367308209068 6.309559087450907 -6.599014177947538 -10.94046749278641 1.6896868888652534 0.08560016904084478 -2.1244283010382787 -1.1658652510959655e-05 -1.1658652510959655e-05 -1.1658652510959655e-05 -1.1658652510959655e-05 -1.1658652510959655e-05 
1649077020.3754194 0.5513778717795503 -5.300750508627971 0.8712638931683614 0.1317472026203177 11.287780929764267 5.7886005221516825 -6.888445951139147 -9.898527079123596 1.712411159693147 0.08525092307536397 -2.1286192526240484 -1.1658652510959655e-05 -1.1658652510959655e-05 -1.1658652510959655e-05 -1.1658652510959655e-05 -1.1658652510959655e-05 
1649077020.4087586 -1.1677737521677045 -3.1621544800436823 0.8752220141104772 0.17489072090393165 12.213957947365998 6.3674640685349 -6.946350932230416 -10.998372473870404 1.7295242120017065 0.08478526178805623 -2.133159450175299 -1.1658652510959655e-05 -1.1658652510959655e-05 -1.1658652510959655e-05 -1.1658652510959655e-05 -1.1658652510959655e-05 
1649077020.4439068 2.6907888076166273 2.3142783736766432 0.8766888471654966 0.12846429054479813 12.040289570228197 6.541109162615612 -7.409427799502737 -10.94046749278641 1.7465674151244457 0.08436616662947927 -2.137629798533453 -1.1658652510959655e-05 -1.1658652510959655e-05 -1.1658652510959655e-05 -1.1658652510959655e-05 -1.1658652510959655e-05 
1649077020.460135 -2.423685527392081 -1.1581578465847997 0.8789705874733045 0.09672947380749974 13.371661757075344 6.772659237780317 -7.409427799502737 -11.22989926597802 1.7577898521485622 0.08387722227780614 -2.1398882557768957 -1.1658652510959655e-05 -1.1658652510959655e-05 -1.1658652510959655e-05 -1.1658652510959655e-05 -1.1658652510959655e-05 
1649077020.4756916 -0.6332877264721901 -2.359307854407234 0.8806935342363431 0.10650836084096227 11.924526174174389 7.814599651443132 -7.467309497529641 -12.040312887533219 1.7694313843385316 0.08373752389161382 -2.141774183990492 -1.1658652510959655e-05 -1.1658652510959655e-05 -1.1658652510959655e-05 -1.1658652510959655e-05 -1.1658652510959655e-05 
1649077020.5019906 -2.5022425865827245 3.175099829590181 0.8808797987512662 0.0711646691270289 13.66109353027423 8.39346319782635 -6.772682555085339 -12.67705813194334 1.7861951906816103 0.0839470714709023 -2.144358604142326 -1.1658652510959655e-05 -1.1658652510959655e-05 -1.1658652510959655e-05 -1.1658652510959655e-05 -1.1658652510959655e-05 
1649077020.5415573 1.374410914220789 -1.8109684054143145 0.8784350769929006 -0.012980325504031498 12.213957947365998 8.682894971017959 -7.640977874667442 -13.603235149552347 1.8034945075123687 0.0841333359858254 -2.14459143478598 -1.1658652510959655e-05 -1.1658652510959655e-05 -1.1658652510959655e-05 -1.1658652510959655e-05 -1.1658652510959655e-05 
1649077020.5585465 -1.6504083935142262 0.5395733581390232 0.8764094503931119 -0.03901079147181008 12.908584889803024 7.756717953416228 -7.23575942235766 -13.661116847579251 1.814879925987043 0.08445929888694081 -2.1439627920481144 -1.1658652510959655e-05 -1.1658652510959655e-05 -1.1658652510959655e-05 -1.1658652510959655e-05 -1.1658652510959655e-05 
1649077020.5832903 3.6661396571726073 0.4564761014044052 0.8725444617084577 -0.0875792637525592 13.371661757075344 9.261758517408452 -7.525191195549269 -14.992512317490764 1.832039544431609 0.08529748920409475 -2.142193279149069 -1.1658652510959655e-05 -1.1658652510959655e-05 -1.1658652510959655e-05 -1.1658652510959655e-05 -1.1658652510959655e-05 
1649077020.6066813 -2.650183177596773 -1.5804893512104172 0.8691451343111112 -0.10895311683998443 12.56127141858451 8.39346319782635 -7.23575942235766 -13.834785224717052 1.8433551137131872 0.08562345210521016 -2.140144369484915 -1.1658652510959655e-05 -1.1658652510959655e-05 -1.1658652510959655e-05 -1.1658652510959655e-05 -1.1658652510959655e-05 
1649077020.637568 -1.538649684531265 2.005381958668295 0.8646049367598607 -0.11344674826978007 14.066311982576735 8.451344895853254 -7.75674127072125 -15.39770748673618 1.8602120523137273 0.08650820855109487 -2.136721759023203 -1.1658652510959655e-05 -1.1658652510959655e-05 -1.1658652510959655e-05 -1.1658652510959655e-05 -1.1658652510959655e-05 
1649077020.654128 -0.7288181395852007 -1.8357183028419968 0.8638831617645337 -0.09854558706865646 13.776880209385126 9.203876819381549 -7.525191195549269 -15.224039109591104 1.8714577724094852 0.0871601343533257 -2.134742698552145 -1.1658652510959655e-05 -1.1658652510959655e-05 -1.1658652510959655e-05 -1.1658652510959655e-05 -1.1658652510959655e-05 
1649077020.6813712 3.451050708514231 2.129829937730392 0.8574803190567764 -0.12560050786851207 14.066311982576735 9.203876819381549 -8.625036590303353 -15.571352580816892 1.88859410778241 0.08795175854174886 -2.1311571066398756 -1.1658652510959655e-05 -1.1658652510959655e-05 -1.1658652510959655e-05 -1.1658652510959655e-05 -1.1658652510959655e-05 
1649077020.7216055 -3.3233664177460014 -2.4722307166084647 0.8552451448776992 -0.08734643310890533 15.513447565484967 9.435426894546254 -8.625036590303353 -16.902748050728405 1.904962102038553 0.08830100450722966 -2.1277344961781637 -1.1658652510959655e-05 -1.1658652510959655e-05 -1.1658652510959655e-05 -1.1658652510959655e-05 -1.1658652510959655e-05 
1649077020.7377641 2.207339259024593 4.005280772798869 0.8522416295745643 -0.08480857909307815 14.645152245902864 9.84062206379167 -8.335604817104468 -15.571352580816892 1.916394086641958 0.08890636418072972 -2.126081398608221 -1.1658652510959655e-05 -1.1658652510959655e-05 -1.1658652510959655e-05 -1.1658652510959655e-05 -1.1658652510959655e-05 
1649077020.7630558 -2.8230366474817856 -0.05507610589120304 0.8517061190941604 -0.06844058483693516 14.876702321067569 10.18793553501746 -8.219841421057936 -18.23412023758283 1.9327387978337356 0.0898376867553452 -2.1239393566866056 -1.1658652510959655e-05 -1.1658652510959655e-05 -1.1658652510959655e-05 -1.1658652510959655e-05 -1.1658652510959655e-05 
1649077020.8019178 -1.9904109825220075 -7.131637558493821 0.8482602255680831 -0.03703173100075219 15.687115942622768 10.477367308209068 -8.798704967441154 -18.349906916693726 1.9546248783371993 0.09123467061726842 -2.122286259116663 -1.1658652510959655e-05 -1.1658652510959655e-05 -1.1658652510959655e-05 -1.1658652510959655e-05 -1.1658652510959655e-05 
1649077020.8284757 -1.9335537393271807 -2.2365828221081756 0.844884181235102 -0.04669420271238778 14.876702321067569 10.18793553501746 -8.972350061521865 -16.786961371610232 1.9713421185588231 0.09223584238498006 -2.1205633123536245 -1.1658652510959655e-05 -1.1658652510959655e-05 -1.1658652510959655e-05 -1.1658652510959655e-05 -1.1658652510959655e-05 
1649077020.8612618 0.24783656157524092 -4.142627603760047 0.8420669304468902 -0.08108328879461624 16.208097790986358 10.477367308209068 -9.49333190987818 -20.549574423130252 1.9872677345847478 0.09328358028142247 -2.1180953075308935 -1.1658652510959655e-05 -1.1658652510959655e-05 -1.1658652510959655e-05 -1.1658652510959655e-05 -1.1658652510959655e-05 
1649077020.883779 2.2529740651880275 3.276683839445468 0.8433940651157172 -0.04909235834929859 15.339802471404255 10.36160391215526 -9.261781834713474 -14.934607336399495 1.9984436054874095 0.09409848753421102 -2.1172571172137395 -1.1658652510959655e-05 -1.1658652510959655e-05 -1.1658652510959655e-05 -1.1658652510959655e-05 -1.1658652510959655e-05 
1649077020.9025736 1.1468189599981997 -0.5047419280817849 0.8394592272379668 -0.025483331075520255 16.84484303539648 11.229875948672998 -10.593154021560622 -18.176238539555925 2.0094099288035068 0.09435460124223027 -2.1166983236689703 -1.1658652510959655e-05 -1.1658652510959655e-05 -1.1658652510959655e-05 -1.1658652510959655e-05 -1.1658652510959655e-05 
1649077020.9356122 0.9091221558337566 -1.4785095292609185 0.8386908861139091 -0.0430853277357528 17.3079199026688 10.18793553501746 -10.303722248369013 -18.11835684152902 2.025614941609092 0.09458743188588414 -2.1155574535150663 -1.1658652510959655e-05 -1.1658652510959655e-05 -1.1658652510959655e-05 -1.1658652510959655e-05 -1.1658652510959655e-05 
1649077020.9508371 -1.1473545047192601 4.25545729946316 0.8372240530588897 -0.03554161488136742 17.250038204641896 10.18793553501746 -10.245840550342109 -16.613316277536796 2.0311330278636888 0.09454086575715337 -2.1152082075495855 -1.1658652510959655e-05 -1.1658652510959655e-05 -1.1658652510959655e-05 -1.1658652510959655e-05 -1.1658652510959655e-05 
1649077021.0246437 1.3272627088663285 0.022223667823709548 0.8407165127136977 0.05463369342760416 18.291978618297435 9.84062206379167 -10.361627229460282 -16.786961371610232 2.080260293681931 0.09279463592974935 -2.1170010035057203 -1.1658652510959655e-05 -1.1658652510959655e-05 -1.1658652510959655e-05 -1.1658652510959655e-05 -1.1658652510959655e-05 
1649077021.064569 0.9101000445371028 1.1780881154481904 0.8413451554515632 0.06292246434168192 18.75507876863412 10.419485610182164 -10.824704096732603 -18.23412023758283 2.0962091927794972 0.09260837141482625 -2.1189334978480474 -1.1658652510959655e-05 -1.1658652510959655e-05 -1.1658652510959655e-05 -1.1658652510959655e-05 -1.1658652510959655e-05 
1649077021.112997 -2.3335102190903854 -1.2678443628392415 0.8405302481987746 0.026437902473844588 17.713115071914217 10.882562477454485 -10.419508927487186 -18.812983783966047 2.122798452292045 0.09291105125157628 -2.121145388962759 -1.1658652510959655e-05 -1.1658652510959655e-05 -1.1658652510959655e-05 -1.1658652510959655e-05 -1.1658652510959655e-05 
1649077021.1455104 0.7767346518230624 -5.647551752430445 0.8407165127136977 0.0031082719724508934 17.539469977833505 10.882562477454485 -10.651059002651891 -18.87086548199295 2.128083707902988 0.09309731576649938 -2.1211686720271246 -1.1658652510959655e-05 -1.1658652510959655e-05 -1.1658652510959655e-05 -1.1658652510959655e-05 -1.1658652510959655e-05 
1649077021.179511 0.7767346518230624 -5.647551752430445 0.8407165127136977 0.0031082719724508934 17.539469977833505 10.882562477454485 -10.651059002651891 -18.87086548199295 2.128083707902988 0.09309731576649938 -2.1211686720271246 -1.1658652510959655e-05 -1.1658652510959655e-05 -1.1658652510959655e-05 -1.1658652510959655e-05 -1.1658652510959655e-05 
1649077021.1981785 0.7767346518230624 -5.647551752430445 0.8407165127136977 0.0031082719724508934 17.539469977833505 10.882562477454485 -10.651059002651891 -18.87086548199295 2.128083707902988 0.09309731576649938 -2.1211686720271246 -1.1658652510959655e-05 -1.1658652510959655e-05 -1.1658652510959655e-05 -1.1658652510959655e-05 -1.1658652510959655e-05 
1649077021.20584 0.7767346518230624 -5.647551752430445 0.8407165127136977 0.0031082719724508934 17.539469977833505 10.882562477454485 -10.651059002651891 -18.87086548199295 2.128083707902988 0.09309731576649938 -2.1211686720271246 -1.1658652510959655e-05 -1.1658652510959655e-05 -1.1658652510959655e-05 -1.1658652510959655e-05 -1.1658652510959655e-05 
1649077021.2206829 0.7767346518230624 -5.647551752430445 0.8407165127136977 0.0031082719724508934 17.539469977833505 10.882562477454485 -10.651059002651891 -18.87086548199295 2.128083707902988 0.09309731576649938 -2.1211686720271246 -1.1658652510959655e-05 -1.1658652510959655e-05 -1.1658652510959655e-05 -1.1658652510959655e-05 -1.1658652510959655e-05 
1649077021.2699454 -4.192709475224547 1.5910598281916464 0.8423463272192748 0.07826600376574788 18.812960466661025 11.11411255261919 -10.998372473870404 -19.276060651238367 2.205336915481894 0.0939587891480187 -2.1247076978106634 -1.1658652510959655e-05 -1.1658652510959655e-05 -1.1658652510959655e-05 -1.1658652510959655e-05 -1.1658652510959655e-05 
1649077021.2861023 0.9067007171397563 1.707358734725858 0.8430913852789672 0.05842883291916223 18.986628843806102 11.171994250646094 -11.172017567951116 -18.639315406828246 2.215465048488113 0.09391222301928792 -2.1259649832863943 -1.1658652510959655e-05 -1.1658652510959655e-05 -1.1658652510959655e-05 -1.1658652510959655e-05 -1.1658652510959655e-05 
1649077021.310539 -2.892559877691383 -0.4251604140663403 0.8431612344720634 0.05926702323631616 19.565469107124954 10.998349156565382 -11.287804247069289 -18.87086548199295 2.2250576710066525 0.09372595850436483 -2.1271058534402982 -1.1658652510959655e-05 -1.1658652510959655e-05 -1.1658652510959655e-05 -1.1658652510959655e-05 -1.1658652510959655e-05 
1649077021.3424184 4.16476976373815 0.579759927248233 0.8439528586604865 0.0567058861561236 19.160273937879538 11.345662627791171 -10.651059002651891 -18.23412023758283 2.2400519644652377 0.09363282624690328 -2.1289917816538946 -1.1658652510959655e-05 -1.1658652510959655e-05 -1.1658652510959655e-05 -1.1658652510959655e-05 -1.1658652510959655e-05 
1649077021.3514798 -1.6675214458227856 -0.6318907426102669 0.8442555384972366 0.044389145099557936 19.333942315024615 11.171994250646094 -11.056254171897308 -19.044533859138028 2.2494117563401232 0.09356297705380712 -2.1300162364859716 -1.1658652510959655e-05 -1.1658652510959655e-05 -1.1658652510959655e-05 -1.1658652510959655e-05 -1.1658652510959655e-05 
1649077021.3677359 1.516181493170734 3.1245988629743806 0.8440227078535827 0.0130967065852019 18.639292089523224 10.5931307042556 -11.056254171897308 -17.250061521946918 2.254394332114316 0.09339999560324941 -2.130155934872164 -1.1658652510959655e-05 -1.1658652510959655e-05 -1.1658652510959655e-05 -1.1658652510959655e-05 -1.1658652510959655e-05 
1649077021.389641 0.16127012824290432 -3.3461139716382604 0.844884181235102 0.034749956452287734 18.87084216468793 10.882562477454485 -11.461449341142725 -19.44972902837617 2.263847256246663 0.09321373108832631 -2.1308078606743948 -1.1658652510959655e-05 -1.1658652510959655e-05 -1.1658652510959655e-05 -1.1658652510959655e-05 -1.1658652510959655e-05 
1649077021.4332848 0.8823233487419202 0.6393645720308996 0.843137951407698 0.005599559859547298 19.333942315024615 11.056230854592286 -11.577236020260898 -19.218178953211464 2.2873398681986146 0.09267822060792241 -2.1318090324421064 -1.1658652510959655e-05 -1.1658652510959655e-05 -1.1658652510959655e-05 -1.1658652510959655e-05 -1.1658652510959655e-05 
1649077021.4659371 -2.3883418356781476 2.0344159399392083 0.8433474989869865 0.00010475666931597516 18.986628843806102 10.708917383373773 -11.114135869924212 -18.812983783966047 2.3009837439240073 0.09256180528609548 -2.1320418630857603 -1.1658652510959655e-05 -1.1658652510959655e-05 -1.1658652510959655e-05 -1.1658652510959655e-05 -1.1658652510959655e-05 
1649077021.482185 1.623586269117368 -1.0975985961558763 0.8441391231754096 0.025483296834863722 18.75507876863412 10.65103568534687 -11.114135869924212 -18.523552010774438 2.310227120477066 0.09239882383553777 -2.132391109051241 -1.1658652510959655e-05 -1.1658652510959655e-05 -1.1658652510959655e-05 -1.1658652510959655e-05 -1.1658652510959655e-05 
1649077021.5066903 0.9938259440168622 0.6043468432180816 0.8438364433386596 0.037567207240499556 18.523528693469416 10.65103568534687 -10.708940700678795 -18.060475143502117 2.3190979680002783 0.09237554077117238 -2.1330896009822027 -1.1658652510959655e-05 -1.1658652510959655e-05 -1.1658652510959655e-05 -1.1658652510959655e-05 -1.1658652510959655e-05 
1649077021.5198398 -0.9985291572593269 0.4445551724420511 0.8444185199477943 0.03959283384028822 18.812960466661025 10.766799081400677 -10.882585794759507 -18.812983783966047 2.3234984671653365 0.092352257706807 -2.1334854130764143 -1.1658652510959655e-05 -1.1658652510959655e-05 -1.1658652510959655e-05 -1.1658652510959655e-05 -1.1658652510959655e-05 
1649077021.5543613 -0.6104703233941109 7.137318591958319 0.8446746336558135 0.04336469026748091 18.58141039149632 11.345662627791171 -10.47739062551409 -18.523552010774438 2.336350718702306 0.09228240851371083 -2.1347659816165105 -1.1658652510959655e-05 -1.1658652510959655e-05 -1.1658652510959655e-05 -1.1658652510959655e-05 -1.1658652510959655e-05 
1649077021.5869048 2.6048743000865215 -1.9871047873748466 0.8464907126763137 0.06476182642654749 18.407765297415608 10.5931307042556 -10.072195456268673 -17.886806766364316 2.3533939218177693 0.092352257706807 -2.1372805525679723 -1.1658652510959655e-05 -1.1658652510959655e-05 -1.1658652510959655e-05 -1.1658652510959655e-05 -1.1658652510959655e-05 
1649077021.629381 0.4622270183026558 -1.0546646254588268 0.8443719538190635 -0.0009662642914918251 18.060451826197095 10.65103568534687 -10.245840550342109 -18.87086548199295 2.374441812011355 0.09277135286538396 -2.1388405178804533 -1.1658652510959655e-05 -1.1658652510959655e-05 -1.1658652510959655e-05 -1.1658652510959655e-05 -1.1658652510959655e-05 
1649077021.6528747 -0.9321491407390567 0.9249080734807649 0.8444418030121597 -0.00026777236053021625 17.713115071914217 10.65103568534687 -10.361627229460282 -18.639315406828246 2.3783300837603747 0.0928877681872109 -2.1388405178804533 -1.1658652510959655e-05 -1.1658652510959655e-05 -1.1658652510959655e-05 -1.1658652510959655e-05 -1.1658652510959655e-05 
1649077021.6619606 4.101998622194515 -2.884434088227863 0.8453964086511405 0.0025029122989508323 17.3079199026688 9.898503761818574 -10.419508927487186 -17.42370661602763 2.3866188546744525 0.09295761738030706 -2.138817234816088 -1.1658652510959655e-05 -1.1658652510959655e-05 -1.1658652510959655e-05 -1.1658652510959655e-05 -1.1658652510959655e-05 
1649077021.702549 -1.823634392429085 1.6145990062723286 0.8416245522239478 -0.01731097548326943 17.192156506614992 9.261758517408452 -10.47739062551409 -16.786961371610232 2.3981905376713257 0.09295761738030706 -2.1387241025586263 -1.1658652510959655e-05 -1.1658652510959655e-05 -1.1658652510959655e-05 -1.1658652510959655e-05 -1.1658652510959655e-05 
1649077021.7343411 -2.4138600742298877 0.7743132131290622 0.8411123248079093 -0.02597227542719338 16.497529564177967 9.898503761818574 -9.319663532740378 -16.43964790039172 2.4135806432168465 0.09295761738030706 -2.1373969678897993 -1.1658652510959655e-05 -1.1658652510959655e-05 -1.1658652510959655e-05 -1.1658652510959655e-05 -1.1658652510959655e-05 
1649077021.7600892 -2.445059380486782 -3.1575211502349703 0.8441856893041404 0.04771862331108423 15.744997640649672 9.898503761818574 -8.798704967441154 -16.266002806318284 2.425292024592636 0.09314388189523015 -2.138235158206953 -1.1658652510959655e-05 -1.1658652510959655e-05 -1.1658652510959655e-05 -1.1658652510959655e-05 -1.1658652510959655e-05 
1649077021.799875 -1.008098496713501 -6.372702792265045 0.8421833457687171 0.04864994588569971 15.57132926351187 9.261758517408452 -9.261781834713474 -17.018511446782213 2.4364911785596632 0.09363282624690328 -2.139608859004511 -1.1658652510959655e-05 -1.1658652510959655e-05 -1.1658652510959655e-05 -1.1658652510959655e-05 -1.1658652510959655e-05 
1649077021.825615 2.5518121963905287 -0.6092596040398348 0.8427654223778518 0.03656603547278792 15.744997640649672 9.37752191346226 -8.740799986349884 -16.49755288148299 2.447434218811395 0.09421490285603795 -2.1404936154503957 -1.1658652510959655e-05 -1.1658652510959655e-05 -1.1658652510959655e-05 -1.1658652510959655e-05 -1.1658652510959655e-05 
1649077021.882419 1.74351733369258 0.4860223100913572 0.8415779860952171 0.017893017851747572 15.339802471404255 8.682894971017959 -8.68291828832298 -15.68713925992779 2.4653854614443844 0.0944942996284226 -2.142076863827242 -1.1658652510959655e-05 -1.1658652510959655e-05 -1.1658652510959655e-05 -1.1658652510959655e-05 -1.1658652510959655e-05 
1649077021.9726155 3.147183435416082 -4.31813534298999 0.8378294127323898 -0.007159559412684757 12.38760304144671 7.525167878244247 -8.046173043912859 -12.67705813194334 2.500915417673241 0.09498324398009572 -2.139678708197607 -1.1658652510959655e-05 -1.1658652510959655e-05 -1.1658652510959655e-05 -1.1658652510959655e-05 -1.1658652510959655e-05 
1649077022.0054355 -0.5181995392922545 -0.7144292058073916 0.8350121619441779 -0.02681046574434731 12.329721343419806 6.946327614925394 -7.583096176640538 -12.792821527997148 2.512603515984665 0.0948435455939034 -2.138584404172434 -1.1658652510959655e-05 -1.1658652510959655e-05 -1.1658652510959655e-05 -1.1658652510959655e-05 -1.1658652510959655e-05 
1649077022.045973 5.280401076131966 1.864286588584946 0.8341506885626586 -0.009906961007800419 11.229875948672998 6.772659237780317 -6.714800857065711 -11.519331039169629 2.521451080450788 0.09491339478699956 -2.1381420259494917 -1.1658652510959655e-05 -1.1658652510959655e-05 -1.1658652510959655e-05 -1.1658652510959655e-05 -1.1658652510959655e-05 
1649077022.054371 0.6069079802982742 -1.4389748859612155 0.831286871645716 -0.032538099578232504 11.692976099009684 5.90436391820549 -6.656919159038807 -12.15607628357975 2.5271787142846733 0.09489011172263417 -2.1375832324047224 -1.1658652510959655e-05 -1.1658652510959655e-05 -1.1658652510959655e-05 -1.1658652510959655e-05 -1.1658652510959655e-05 
1649077022.0707076 -3.0377297840459505 -0.6351736546857865 0.8305418135860236 -0.046321673682541586 10.535249006235972 5.90436391820549 -6.656919159038807 -11.345685945096193 2.5300658142659813 0.09489011172263417 -2.1371175711174146 -1.1658652510959655e-05 -1.1658652510959655e-05 -1.1658652510959655e-05 -1.1658652510959655e-05 -1.1658652510959655e-05 
1649077022.0870671 2.1703424697334412 0.750052260053053 0.8277012797261705 -0.0843662008701358 10.766799081400677 5.7886005221516825 -6.656919159038807 -11.056254171897308 2.535816731164232 0.09482026252953801 -2.13562745499803 -1.1658652510959655e-05 -1.1658652510959655e-05 -1.1658652510959655e-05 -1.1658652510959655e-05 -1.1658652510959655e-05 
1649077022.1033268 -2.5202403953444446 -2.8427108368778136 0.8268165232802858 -0.07072232514474308 10.245817233037087 5.151855277741561 -7.119996026311128 -10.245840550342109 2.5412649682257324 0.09444773349969182 -2.134137338878645 -1.1658652510959655e-05 -1.1658652510959655e-05 -1.1658652510959655e-05 -1.1658652510959655e-05 -1.1658652510959655e-05 
1649077022.1414444 -2.5202403953444446 -2.8427108368778136 0.8268165232802858 -0.07072232514474308 10.245817233037087 5.151855277741561 -7.119996026311128 -10.245840550342109 2.5412649682257324 0.09444773349969182 -2.134137338878645 -1.1658652510959655e-05 -1.1658652510959655e-05 -1.1658652510959655e-05 -1.1658652510959655e-05 -1.1658652510959655e-05 
1649077022.157349 -2.5202403953444446 -2.8427108368778136 0.8268165232802858 -0.07072232514474308 10.245817233037087 5.151855277741561 -7.119996026311128 -10.245840550342109 2.5412649682257324 0.09444773349969182 -2.134137338878645 -1.1658652510959655e-05 -1.1658652510959655e-05 -1.1658652510959655e-05 -1.1658652510959655e-05 -1.1658652510959655e-05 
1649077022.169389 -2.5202403953444446 -2.8427108368778136 0.8268165232802858 -0.07072232514474308 10.245817233037087 5.151855277741561 -7.119996026311128 -10.245840550342109 2.5412649682257324 0.09444773349969182 -2.134137338878645 -1.1658652510959655e-05 -1.1658652510959655e-05 -1.1658652510959655e-05 -1.1658652510959655e-05 -1.1658652510959655e-05 
1649077022.1852157 -2.5202403953444446 -2.8427108368778136 0.8268165232802858 -0.07072232514474308 10.245817233037087 5.151855277741561 -7.119996026311128 -10.245840550342109 2.5412649682257324 0.09444773349969182 -2.134137338878645 -1.1658652510959655e-05 -1.1658652510959655e-05 -1.1658652510959655e-05 -1.1658652510959655e-05 -1.1658652510959655e-05 
1649077022.2070642 -2.5202403953444446 -2.8427108368778136 0.8268165232802858 -0.07072232514474308 10.245817233037087 5.151855277741561 -7.119996026311128 -10.245840550342109 2.5412649682257324 0.09444773349969182 -2.134137338878645 -1.1658652510959655e-05 -1.1658652510959655e-05 -1.1658652510959655e-05 -1.1658652510959655e-05 -1.1658652510959655e-05 
1649077022.2267494 -2.5202403953444446 -2.8427108368778136 0.8268165232802858 -0.07072232514474308 10.245817233037087 5.151855277741561 -7.119996026311128 -10.245840550342109 2.5412649682257324 0.09444773349969182 -2.134137338878645 -1.1658652510959655e-05 -1.1658652510959655e-05 -1.1658652510959655e-05 -1.1658652510959655e-05 -1.1658652510959655e-05 
1649077022.250548 0.586861261879676 -1.9601197157753631 0.8188769983316888 -0.026926881066174246 7.525167878244247 3.762578109795868 -4.515133350629185 -7.698859572694346 2.585409658277058 0.092352257706807 -2.12931774455501 -1.1658652510959655e-05 -1.1658652510959655e-05 -1.1658652510959655e-05 -1.1658652510959655e-05 -1.1658652510959655e-05 
1649077022.2903566 0.5636480467001093 -1.0126386942647514 0.8197617547775735 0.006251485661778133 6.541109162615612 2.6627559981134254 -4.573015048656089 -6.251700706729025 2.593232767903828 0.09149078432528768 -2.1287356679458753 -1.1658652510959655e-05 -1.1658652510959655e-05 -1.1658652510959655e-05 -1.1658652510959655e-05 -1.1658652510959655e-05 
1649077022.3069181 3.0881375841709087 1.2054922822135268 0.8187140168811311 0.011071079985413235 6.251677389424003 3.18371456341265 -3.878388106219063 -6.0201739146214095 2.5950488469243282 0.09137436900346074 -2.1288520832677023 -1.1658652510959655e-05 -1.1658652510959655e-05 -1.1658652510959655e-05 -1.1658652510959655e-05 -1.1658652510959655e-05 
1649077022.3554776 2.7635483837730135 -0.2657878384416108 0.8144997822309961 -0.04804462045285618 4.746636825431779 2.0260107537033036 -2.836424409499159 -4.28358327546448 2.604734601700329 0.09097855690924916 -2.1275482316632406 -1.1658652510959655e-05 -1.1658652510959655e-05 -1.1658652510959655e-05 -1.1658652510959655e-05 -1.1658652510959655e-05 
1649077022.3652236 0.009930209831509273 -0.3546592951461207 0.8140108378793229 -0.03163006006798241 4.515110033324163 1.9102240745851304 -3.125856182690768 -4.28358327546448 2.6078079661965603 0.09069916013686452 -2.126849739732279 -1.1658652510959655e-05 -1.1658652510959655e-05 -1.1658652510959655e-05 -1.1658652510959655e-05 -1.1658652510959655e-05 
1649077022.3871114 1.8131104130952735 0.2581975252178381 0.8124275895024766 -0.0377302229317138 3.067951167358842 1.5629106033666176 -2.778542711472255 -3.125856182690768 2.610974462950253 0.09044304642884526 -2.1261745308656828 -1.1658652510959655e-05 -1.1658652510959655e-05 -1.1658652510959655e-05 -1.1658652510959655e-05 -1.1658652510959655e-05 
1649077022.4040508 2.123636642609199 -0.42760513582470594 0.8103553967739572 -0.05034964382502949 2.7785193941672333 1.4471472073128098 -2.1996791650817613 -3.473169653909281 2.612487862134003 0.09041976336447988 -2.1256855865140096 -1.1658652510959655e-05 -1.1658652510959655e-05 -1.1658652510959655e-05 -1.1658652510959655e-05 -1.1658652510959655e-05 
1649077022.4213352 1.5940167773660505 0.0199884936446324 0.8071423338915338 -0.09363286048755981 2.0838924517302075 1.2734788301750086 -1.3313838455069344 -2.6627793154184474 2.615421528251318 0.0905594617506722 -2.124032488944067 -1.1658652510959655e-05 -1.1658652510959655e-05 -1.1658652510959655e-05 -1.1658652510959655e-05 -1.1658652510959655e-05 
1649077022.4303858 1.5230499971657991 0.26511259533435805 0.8059316145445337 -0.09514625967130996 0.9840470569761237 0.520970189711079 -0.9840703742811456 -2.1417974670548574 2.6184716096831835 0.09072244320122991 -2.122030145408644 -1.1658652510959655e-05 -1.1658652510959655e-05 -1.1658652510959655e-05 -1.1658652510959655e-05 -1.1658652510959655e-05 
1649077022.4467125 1.8521561120433034 -0.2201530322781764 0.8054892363215913 -0.08071075976477005 0.9261653589564958 0.4051835105929058 -0.5788752050357289 -1.7366022978094406 2.619938442738203 0.09079229239432607 -2.1212385212202207 -1.1658652510959655e-05 -1.1658652510959655e-05 -1.1658652510959655e-05 -1.1658652510959655e-05 -1.1658652510959655e-05 
1649077022.4630108 1.0504037904393044 0.1591746524500195 0.804325083103322 -0.04736941158625996 0.057870039374392945 0.578851887730707 -0.057893356679414865 -0.6367569030626328 2.622709127397684 0.09102512303797994 -2.120120934130682 -1.1658652510959655e-05 -1.1658652510959655e-05 -1.1658652510959655e-05 -1.1658652510959655e-05 -1.1658652510959655e-05 
1649077022.4794366 1.733528899072553 -0.5417620004300261 0.8042785169745912 -0.03342285602411721 -0.057893356679414865 0.2315384165121941 0.057870039374392945 -0.11577505470631877 2.6240828281952417 0.0910949722310761 -2.1197949712295667 -1.1658652510959655e-05 -1.1658652510959655e-05 -1.1658652510959655e-05 -1.1658652510959655e-05 -1.1658652510959655e-05 
1649077022.500121 1.0690069588672486 -0.6620655940350844 0.8048140274549951 -0.0015017747718957253 -0.3473251298710238 0.057870039374392945 0.4051835105929058 0.11575173740129685 2.626806946725992 0.09118810448853765 -2.119562140585913 -1.1658652510959655e-05 -1.1658652510959655e-05 -1.1658652510959655e-05 -1.1658652510959655e-05 -1.1658652510959655e-05 
1649077022.5165224 0.7246504368231399 -0.5779671655254788 0.8061877282525529 0.04078027012292296 -0.5788752050357289 -0.057893356679414865 0.578851887730707 0.2315384165121941 2.628972271711973 0.09135108593909536 -2.1201907833237783 -1.1658652510959655e-05 -1.1658652510959655e-05 -1.1658652510959655e-05 -1.1658652510959655e-05 -1.1658652510959655e-05 
1649077022.5286863 0.42290192258224124 -0.4216912374686217 0.8069560693766107 0.058172719211142976 -0.5209935070161009 -0.057893356679414865 0.2315384165121941 0.520970189711079 2.6298337450934923 0.09139765206782613 -2.120772859932913 -1.1658652510959655e-05 -1.1658652510959655e-05 -1.1658652510959655e-05 -1.1658652510959655e-05 -1.1658652510959655e-05 
1649077022.549291 0.3850436599095701 -0.5199690521840239 0.8081667887236108 0.07861524973122869 -0.231561733817216 -0.17368003579758806 0.11575173740129685 0.9261653589564958 2.6313471442772425 0.09125795368163381 -2.122286259116663 -1.1658652510959655e-05 -1.1658652510959655e-05 -1.1658652510959655e-05 -1.1658652510959655e-05 -1.1658652510959655e-05 
1649077022.5610776 0.27470521786017343 -0.20043227675341768 0.8099595846797456 0.09405192140548024 -1.1658652510959655e-05 -0.17368003579758806 0.289420114539098 0.8682836609295919 2.632162051530031 0.09114153835980687 -2.124079055072798 -1.1658652510959655e-05 -1.1658652510959655e-05 -1.1658652510959655e-05 -1.1658652510959655e-05 -1.1658652510959655e-05 
1649077022.585442 0.13074603085260605 -0.2883956939476775 0.8113798516060342 0.1044827342411736 0.17365671849256614 -1.1658652510959655e-05 0.289420114539098 0.6367335857576109 2.6322551837874926 0.0910949722310761 -2.1251267929692403 -1.1658652510959655e-05 -1.1658652510959655e-05 -1.1658652510959655e-05 -1.1658652510959655e-05 -1.1658652510959655e-05 
1649077022.6007862 0.18385470068460563 0.07158376428560587 0.8136383088494767 0.12341186557750916 0.11575173740129685 0.057870039374392945 0.2315384165121941 0.520970189711079 2.6319525039507425 0.09104840610234533 -2.12750166553451 -1.1658652510959655e-05 -1.1658652510959655e-05 -1.1658652510959655e-05 -1.1658652510959655e-05 -1.1658652510959655e-05 
1649077022.6353772 0.1498847097682301 -0.002828909440722782 0.8141039701367845 0.09244538996426854 0.057870039374392945 0.17365671849256614 0.11575173740129685 -1.1658652510959655e-05 2.63060208621755 0.09102512303797994 -2.13083114373876 -1.1658652510959655e-05 -1.1658652510959655e-05 -1.1658652510959655e-05 -1.1658652510959655e-05 -1.1658652510959655e-05 
1649077022.6500835 0.5273730324115604 -0.3019231543512433 0.8128466846610536 0.03633320482913405 -0.057893356679414865 -1.1658652510959655e-05 -1.1658652510959655e-05 -0.2894434318441199 2.6286928749395884 0.0910949722310761 -2.131832315506472 -1.1658652510959655e-05 -1.1658652510959655e-05 -1.1658652510959655e-05 -1.1658652510959655e-05 -1.1658652510959655e-05 
1649077022.6808534 0.49668595357070444 -0.39833832391013857 0.8115893991853227 -0.010326056166377384 -1.1658652510959655e-05 -1.1658652510959655e-05 -1.1658652510959655e-05 -0.11577505470631877 2.625130566091684 0.09116482142417226 -2.131832315506472 -1.1658652510959655e-05 -1.1658652510959655e-05 -1.1658652510959655e-05 -1.1658652510959655e-05 -1.1658652510959655e-05 
1649077022.692123 0.5188281477894634 -0.2937275156873511 0.8120783435369958 0.00573925824573962 -1.1658652510959655e-05 -0.057893356679414865 0.057870039374392945 -1.1658652510959655e-05 2.62187093708053 0.09116482142417226 -2.131832315506472 -1.1658652510959655e-05 -1.1658652510959655e-05 -1.1658652510959655e-05 -1.1658652510959655e-05 -1.1658652510959655e-05 
1649077022.713404 0.42446188789472217 -0.0811531379877124 0.8129863830472459 0.034284295164979994 -1.1658652510959655e-05 -1.1658652510959655e-05 -1.1658652510959655e-05 0.057870039374392945 2.618145646782068 0.09114153835980687 -2.1323678259868757 -1.1658652510959655e-05 -1.1658652510959655e-05 -1.1658652510959655e-05 -1.1658652510959655e-05 -1.1658652510959655e-05 
1649077022.7462113 0.3960565493616741 -0.18762659135245485 0.8130329491759767 0.04173487576190382 -1.1658652510959655e-05 -1.1658652510959655e-05 -1.1658652510959655e-05 -1.1658652510959655e-05 2.611812653267407 0.09111825529544149 -2.1336949606557027 -1.1658652510959655e-05 -1.1658652510959655e-05 -1.1658652510959655e-05 -1.1658652510959655e-05 -1.1658652510959655e-05 
1649077022.762163 0.4673958585917717 -0.3056251615853398 0.8125207217599382 0.023853482329286635 -0.057893356679414865 -1.1658652510959655e-05 -1.1658652510959655e-05 -0.057893356679414865 2.6066205299139256 0.09114153835980687 -2.134253754200472 -1.1658652510959655e-05 -1.1658652510959655e-05 -1.1658652510959655e-05 -1.1658652510959655e-05 -1.1658652510959655e-05 
1649077022.7901952 0.4546833054482704 -0.295706576158409 0.812450872566842 0.012957008199009579 -1.1658652510959655e-05 -1.1658652510959655e-05 -1.1658652510959655e-05 -1.1658652510959655e-05 2.5981454944849247 0.09116482142417226 -2.1346961324234144 -1.1658652510959655e-05 -1.1658652510959655e-05 -1.1658652510959655e-05 -1.1658652510959655e-05 -1.1658652510959655e-05 
1649077022.8227696 0.4456727595315897 -0.20865119848167524 0.8129165338541497 0.02825398149434477 -0.231561733817216 -1.1658652510959655e-05 -1.1658652510959655e-05 0.6946152837845148 2.588366607451462 0.09111825529544149 -2.1353713412900106 -1.1658652510959655e-05 -1.1658652510959655e-05 -1.1658652510959655e-05 -1.1658652510959655e-05 -1.1658652510959655e-05 
1649077022.8555608 0.9130337106471416 0.05139734748081537 0.8128932507897844 0.028836058103479445 -0.3473251298710238 -1.1658652510959655e-05 0.17365671849256614 0.6946152837845148 2.5774235671924544 0.09102512303797994 -2.1362095316071645 -1.1658652510959655e-05 -1.1658652510959655e-05 -1.1658652510959655e-05 -1.1658652510959655e-05 -1.1658652510959655e-05 
1649077022.8946192 0.5994806827657158 -0.2329820007435046 0.8163391443158616 0.0812695190688828 -0.4052068278979277 -0.231561733817216 0.4051835105929058 0.810401962902688 2.5611719882654143 0.09097855690924916 -2.138467988850607 -1.1658652510959655e-05 -1.1658652510959655e-05 -1.1658652510959655e-05 -1.1658652510959655e-05 -1.1658652510959655e-05 
1649077022.9121685 0.6903079168769182 -0.132515577985032 0.8170376362468232 0.09172361496894155 -0.4052068278979277 -0.231561733817216 0.4051835105929058 0.8682836609295919 2.5569111874865484 0.09095527384488378 -2.1393993114252225 -1.1658652510959655e-05 -1.1658652510959655e-05 -1.1658652510959655e-05 -1.1658652510959655e-05 -1.1658652510959655e-05 
1649077022.929907 0.6400630639618612 -0.1490465536917327 0.8175731467272271 0.08995410207717214 -0.5788752050357289 -0.3473251298710238 0.4051835105929058 0.8682836609295919 2.5482033214066178 0.09088542465178762 -2.141238673510088 -1.1658652510959655e-05 -1.1658652510959655e-05 -1.1658652510959655e-05 -1.1658652510959655e-05 -1.1658652510959655e-05 
1649077022.9431431 0.6539863364596386 -0.16876730920921545 0.8176429959203233 0.06217740628198953 -0.8104252802077099 -0.463111808989197 0.2315384165121941 0.7524969818114187 2.538843529531732 0.09088542465178762 -2.1426356573720113 -1.1658652510959655e-05 -1.1658652510959655e-05 -1.1658652510959655e-05 -1.1658652510959655e-05 -1.1658652510959655e-05 
1649077022.9579694 0.4911911503804731 -0.163505336662638 0.8171540515686502 0.044016616069711745 -0.9261886762615177 -0.6946386010895367 0.2315384165121941 0.6367335857576109 2.533954086015001 0.09086214158742223 -2.1430780355949537 -1.1658652510959655e-05 -1.1658652510959655e-05 -1.1658652510959655e-05 -1.1658652510959655e-05 -1.1658652510959655e-05 
1649077022.9699376 0.501412415636878 -0.3535649911209475 0.8151051419044961 -0.0004773199398186989 -1.2156204494531266 -0.8683069782346138 0.17365671849256614 0.810401962902688 2.5238026699516922 0.09079229239432607 -2.143287583174242 -1.1658652510959655e-05 -1.1658652510959655e-05 -1.1658652510959655e-05 -1.1658652510959655e-05 -1.1658652510959655e-05 
1649077023.0074549 0.8831848221234395 -0.12366801352618495 0.812753552403592 -0.04604227691015694 -1.3892888265909278 -1.0998570533993188 0.520970189711079 1.0419287550030276 2.508016752304684 0.0907457262655953 -2.1422398452777998 -1.1658652510959655e-05 -1.1658652510959655e-05 -1.1658652510959655e-05 -1.1658652510959655e-05 -1.1658652510959655e-05 
1649077023.0681484 0.8535221981146606 -0.6382237361176522 0.8057453500296106 -0.07179334610555088 -2.1417974670548574 -1.7366022978094406 1.099833736094297 2.1996558477767394 2.469320299322135 0.09048961255757604 -2.136954589666857 -1.1658652510959655e-05 -1.1658652510959655e-05 -1.1658652510959655e-05 -1.1658652510959655e-05 -1.1658652510959655e-05 
1649077023.0921762 0.5426234395708889 0.2720509485225193 0.8061644451881875 -0.045576615622849204 -2.546992636300274 -1.7366022978094406 1.099833736094297 2.4890876209756243 2.463266702587134 0.09041976336447988 -2.136488928379549 -1.1658652510959655e-05 -1.1658652510959655e-05 -1.1658652510959655e-05 -1.1658652510959655e-05 -1.1658652510959655e-05 
1649077023.117135 0.7337773980543716 0.630307459992764 0.8058151992227067 -0.008253863437857945 -2.546992636300274 -2.257560863108665 1.7365789805044187 2.7785193941672333 2.4510663768523955 0.09028006497828756 -2.1361629654784338 -1.1658652510959655e-05 -1.1658652510959655e-05 -1.1658652510959655e-05 -1.1658652510959655e-05 -1.1658652510959655e-05 
1649077023.1497343 0.7337773980543716 0.630307459992764 0.8058151992227067 -0.008253863437857945 -2.546992636300274 -2.257560863108665 1.7365789805044187 2.7785193941672333 2.4510663768523955 0.09028006497828756 -2.1361629654784338 -1.1658652510959655e-05 -1.1658652510959655e-05 -1.1658652510959655e-05 -1.1658652510959655e-05 -1.1658652510959655e-05 
1649077023.191089 0.7337773980543716 0.630307459992764 0.8058151992227067 -0.008253863437857945 -2.546992636300274 -2.257560863108665 1.7365789805044187 2.7785193941672333 2.4510663768523955 0.09028006497828756 -2.1361629654784338 -1.1658652510959655e-05 -1.1658652510959655e-05 -1.1658652510959655e-05 -1.1658652510959655e-05 -1.1658652510959655e-05 
1649077023.207606 0.7337773980543716 0.630307459992764 0.8058151992227067 -0.008253863437857945 -2.546992636300274 -2.257560863108665 1.7365789805044187 2.7785193941672333 2.4510663768523955 0.09028006497828756 -2.1361629654784338 -1.1658652510959655e-05 -1.1658652510959655e-05 -1.1658652510959655e-05 -1.1658652510959655e-05 -1.1658652510959655e-05 
1649077023.222736 0.7337773980543716 0.630307459992764 0.8058151992227067 -0.008253863437857945 -2.546992636300274 -2.257560863108665 1.7365789805044187 2.7785193941672333 2.4510663768523955 0.09028006497828756 -2.1361629654784338 -1.1658652510959655e-05 -1.1658652510959655e-05 -1.1658652510959655e-05 -1.1658652510959655e-05 -1.1658652510959655e-05 
1649077023.2371638 0.7337773980543716 0.630307459992764 0.8058151992227067 -0.008253863437857945 -2.546992636300274 -2.257560863108665 1.7365789805044187 2.7785193941672333 2.4510663768523955 0.09028006497828756 -2.1361629654784338 -1.1658652510959655e-05 -1.1658652510959655e-05 -1.1658652510959655e-05 -1.1658652510959655e-05 -1.1658652510959655e-05 
1649077023.2693949 2.410600410978077 -0.37163264907576377 0.7980386557173915 0.03777675481978804 -6.078055612648313 -4.225701577437576 3.936246486940945 6.309559087450907 2.351694258119096 0.08909262869565282 -2.131296805026068 -1.1658652510959655e-05 -1.1658652510959655e-05 -1.1658652510959655e-05 -1.1658652510959655e-05 -1.1658652510959655e-05 
1649077023.28796 0.09454086575715337 -0.07922064364538528 0.7976661266875453 0.04075698705855757 -6.48325078189373 -4.573015048656089 4.283559958159458 6.483227464588708 2.344825754131307 0.08906934563128743 -2.1316926171202795 -1.1658652510959655e-05 -1.1658652510959655e-05 -1.1658652510959655e-05 -1.1658652510959655e-05 -1.1658652510959655e-05 
1649077023.3043003 1.7570215110245044 -0.2815737560886191 0.7960363121819682 0.012957008199009579 -7.583096176640538 -4.80456512382807 4.283559958159458 7.177854407025734 2.331158595341549 0.08909262869565282 -2.1320651461501257 -1.1658652510959655e-05 -1.1658652510959655e-05 -1.1658652510959655e-05 -1.1658652510959655e-05 -1.1658652510959655e-05 
1649077023.3204718 0.6310758011168218 -0.020593887558788992 0.7964321242761798 0.000849814729008358 -7.583096176640538 -4.7466601427368005 5.151855277741561 7.525167878244247 2.3175380026877974 0.08909262869565282 -2.132158278407587 -1.1658652510959655e-05 -1.1658652510959655e-05 -1.1658652510959655e-05 -1.1658652510959655e-05 -1.1658652510959655e-05 
1649077023.3340359 -1.3360404583800118 -0.25784831349301385 0.7958733307314105 -0.0007567167122033425 -8.567154892276449 -5.036091915928409 5.093973579714657 8.509249876944523 2.310785914021835 0.08911591176001821 -2.132158278407587 -1.1658652510959655e-05 -1.1658652510959655e-05 -1.1658652510959655e-05 -1.1658652510959655e-05 -1.1658652510959655e-05 
1649077023.3497262 4.937953765365819 0.6731017323108972 0.796385558147449 0.014284142867836636 -8.798704967441154 -5.962268933537416 5.3833820698419 9.203876819381549 2.297421435068827 0.08897621337382589 -2.1324609582443372 -1.1658652510959655e-05 -1.1658652510959655e-05 -1.1658652510959655e-05 -1.1658652510959655e-05 -1.1658652510959655e-05 
1649077023.362134 1.2478441763014416 -3.384298197204771 0.7950351404142566 -0.0007567167122033425 -8.509273194249545 -6.0201739146214095 5.499168748960074 9.261758517408452 2.2906460633384995 0.08885979805199895 -2.1324609582443372 -1.1658652510959655e-05 -1.1658652510959655e-05 -1.1658652510959655e-05 -1.1658652510959655e-05 -1.1658652510959655e-05 
1649077023.3858423 -0.17056010516535025 1.5588360671026749 0.7952912541222759 0.010069908217701595 -10.419508927487186 -6.48325078189373 5.499168748960074 9.956385459845478 2.2772117351996712 0.0887666657945374 -2.1326006566305296 -1.1658652510959655e-05 -1.1658652510959655e-05 -1.1658652510959655e-05 -1.1658652510959655e-05 -1.1658652510959655e-05 
1649077023.394766 1.8085469324796577 -0.5579670132356114 0.7955706508946605 0.011210778371605556 -9.9564087771505 -6.830564253112243 6.193795691397099 10.477367308209068 2.2640568038259516 0.08844070289342199 -2.132810204209818 -1.1658652510959655e-05 -1.1658652510959655e-05 -1.1658652510959655e-05 -1.1658652510959655e-05 -1.1658652510959655e-05 
1649077023.4352107 -2.2488064309072797 -0.577617919559998 0.7972935976576991 0.04916217330173822 -11.22989926597802 -6.888445951139147 6.193795691397099 11.86662119308312 2.244405897501565 0.08827772144286428 -2.1340907727499143 -1.1658652510959655e-05 -1.1658652510959655e-05 -1.1658652510959655e-05 -1.1658652510959655e-05 -1.1658652510959655e-05 
1649077023.4509704 3.4019234426959883 -0.022200419000000693 0.7977592589450069 0.05712498131470056 -11.692999416314706 -7.930409647859051 7.583072859335516 12.734916512665222 2.2318097596726147 0.08792847547738347 -2.1352316429038183 -1.1658652510959655e-05 -1.1658652510959655e-05 -1.1658652510959655e-05 -1.1658652510959655e-05 -1.1658652510959655e-05 
1649077023.4999735 1.2115691620128928 1.1883093807045952 0.7987371476556291 0.03882449271623045 -12.445508056778635 -9.435450211851276 7.930386330554029 13.487448436193517 2.2005638872869895 0.0864616424223641 -2.1371175711174146 -1.1658652510959655e-05 -1.1658652510959655e-05 -1.1658652510959655e-05 -1.1658652510959655e-05 -1.1658652510959655e-05 
1649077023.532208 -1.4682184148114175 -0.5183625207428122 0.8009490387703408 0.0830623150250176 -13.718998545598879 -8.277723119077564 8.161913122661645 14.992489000185742 2.1816580390222953 0.08604254726378713 -2.139422594489588 -1.1658652510959655e-05 -1.1658652510959655e-05 -1.1658652510959655e-05 -1.1658652510959655e-05 -1.1658652510959655e-05 
1649077023.565187 -1.3174140068804263 2.225337067779037 0.8049770089055528 0.12613598410825944 -13.313803376353462 -8.68291828832298 8.451344895853254 14.529388849849056 2.1628453230077866 0.08543718759028707 -2.142915054144396 -1.1658652510959655e-05 -1.1658652510959655e-05 -1.1658652510959655e-05 -1.1658652510959655e-05 -1.1658652510959655e-05 
1649077023.5909367 -2.050178608762508 3.0125840402834 0.8077476935650338 0.10173533264605794 -14.239980393962469 -9.666977003958891 8.91444504618994 15.629234244595864 2.1381652747732005 0.08478526178805623 -2.147967479118961 -1.1658652510959655e-05 -1.1658652510959655e-05 -1.1658652510959655e-05 -1.1658652510959655e-05 -1.1658652510959655e-05 
1649077023.628638 -1.782656199138728 -2.894958033328294 0.8093542250062455 0.10066431168525014 -15.39770748673618 -9.49333190987818 8.91444504618994 15.802879338676576 2.1203071644049487 0.08397035453526769 -2.1510175605508266 -1.1658652510959655e-05 -1.1658652510959655e-05 -1.1658652510959655e-05 -1.1658652510959655e-05 -1.1658652510959655e-05 
1649077023.656206 0.7307738827512367 -0.6734742955813999 0.8124275895024766 0.08774221096246038 -15.39770748673618 -10.708940700678795 9.609071988626965 16.613292960231774 2.1027982999949018 0.08331842873303685 -2.153578697631019 -1.1658652510959655e-05 -1.1658652510959655e-05 -1.1658652510959655e-05 -1.1658652510959655e-05 -1.1658652510959655e-05 
1649077023.6726408 2.062728146214795 -0.4519825042152661 0.8157337846423616 0.11952359382848954 -15.860784354008501 -10.535272323540994 9.145995121354645 17.655233373887313 2.0912266170053044 0.08280620131699834 -2.1560001363250194 -1.1658652510959655e-05 -1.1658652510959655e-05 -1.1658652510959655e-05 -1.1658652510959655e-05 -1.1658652510959655e-05 
1649077023.693799 -0.8317758502380457 -0.8113100366535946 0.8163158612514962 0.14618270253413357 -16.323884504345187 -10.708940700678795 9.435426894546254 17.365801600695704 2.0855222662357846 0.08255008760897908 -2.1574436863156734 -1.1658652510959655e-05 -1.1658652510959655e-05 -1.1658652510959655e-05 -1.1658652510959655e-05 -1.1658652510959655e-05 
1649077023.7279854 1.303653681599826 -0.6635789932188345 0.8210656063820352 0.12837115828733658 -16.20812110829138 -10.593154021560622 10.5931307042556 17.82890175103239 2.0633102228239295 0.08201457712857518 -2.1631713201495586 -1.1658652510959655e-05 -1.1658652510959655e-05 -1.1658652510959655e-05 -1.1658652510959655e-05 -1.1658652510959655e-05 
1649077023.777504 3.0272989369696006 -0.7226481275283732 0.8244416507150163 0.10257352296321187 -17.771043370310508 -10.708940700678795 10.36160391215526 19.39182401305152 2.036208735895343 0.08164204809872899 -2.16866612333979 -1.1658652510959655e-05 -1.1658652510959655e-05 -1.1658652510959655e-05 -1.1658652510959655e-05 -1.1658652510959655e-05 
1649077023.7938142 3.02275873941835 0.9357114153463044 0.8256058039332856 0.11447116886120057 -17.71313838921924 -10.824704096732603 10.940444175481389 17.59735167586041 2.0309467633487657 0.0816187650343636 -2.169806993493694 -1.1658652510959655e-05 -1.1658652510959655e-05 -1.1658652510959655e-05 -1.1658652510959655e-05 -1.1658652510959655e-05 
1649077023.8034074 -2.150249219426769 0.13449460421543336 0.827794411983632 0.13647366468649125 -19.102415557157656 -10.419508927487186 10.940444175481389 19.333942315024615 2.0207022150279954 0.08168861422745977 -2.172344847509521 -1.1658652510959655e-05 -1.1658652510959655e-05 -1.1658652510959655e-05 -1.1658652510959655e-05 -1.1658652510959655e-05 
1649077023.8770392 0.3507244230277138 -2.4393550297172624 0.83242774179962 0.10047804717032705 -17.886806766364316 -11.40356764311582 10.535249006235972 19.102392239852634 1.9846600313758245 0.08099012229649816 -2.1791667853758554 -1.1658652510959655e-05 -1.1658652510959655e-05 -1.1658652510959655e-05 -1.1658652510959655e-05 -1.1658652510959655e-05 
1649077023.917818 -3.2747979454725282 -4.469102732371539 0.8353846909740241 0.08175846342055593 -17.018511446782213 -11.750881114334334 9.84062206379167 19.565469107124954 1.9610044379805913 0.08031491342990194 -2.183823398248933 -1.1658652510959655e-05 -1.1658652510959655e-05 -1.1658652510959655e-05 -1.1658652510959655e-05 -1.1658652510959655e-05 
1649077023.934141 -3.2747979454725282 -4.469102732371539 0.8353846909740241 0.06918560865597101 -18.292001935602457 -11.114135869924212 10.477367308209068 19.102392239852634 1.9565108065580716 0.08008208278624807 -2.1845218901798944 -1.1658652510959655e-05 -1.1658652510959655e-05 -1.1658652510959655e-05 -1.1658652510959655e-05 -1.1658652510959655e-05 
1649077023.991556 2.596422547721886 0.8310773240664275 0.8372939022519859 0.06587941351608606 -17.192179823920014 -11.635117718287802 10.18793553501746 18.812960466661025 1.9339495171807357 0.07938359085528646 -2.187315857903741 -1.1658652510959655e-05 -1.1658652510959655e-05 -1.1658652510959655e-05 -1.1658652510959655e-05 -1.1658652510959655e-05 
1649077023.9994617 -0.15507686736236792 6.271607692520774 0.8375965820887359 0.06485495868400903 -17.307943219973822 -10.651059002651891 9.782740365772042 17.076369827504095 1.9252183680437156 0.07908091101853643 -2.1886662756369333 -1.1658652510959655e-05 -1.1658652510959655e-05 -1.1658652510959655e-05 -1.1658652510959655e-05 -1.1658652510959655e-05 
1649077024.0209782 -3.564811795273272 0.11596128498058533 0.837480166766909 0.06941843929962488 -16.786961371610232 -11.114135869924212 9.319640215435356 18.523528693469416 1.9209808503219392 0.0787782311817864 -2.1893414845035295 -1.1658652510959655e-05 -1.1658652510959655e-05 -1.1658652510959655e-05 -1.1658652510959655e-05 -1.1658652510959655e-05 
1649077024.0369937 3.673403973254608 0.6817164661260904 0.8382485078909667 0.0527710482783732 -16.96062974875531 -10.766822398705699 9.609071988626965 17.539469977833505 1.912668796343496 0.07831256989447866 -2.190505637721799 -1.1658652510959655e-05 -1.1658652510959655e-05 -1.1658652510959655e-05 -1.1658652510959655e-05 -1.1658652510959655e-05 
1649077024.0725417 -5.3099473190595745 2.1049636249808827 0.8384114893415244 0.037567207240499556 -17.59737499316543 -10.303722248369013 9.609071988626965 18.523528693469416 1.9006780181953218 0.07789347472862573 -2.1918094893262605 -1.1658652510959655e-05 -1.1658652510959655e-05 -1.1658652510959655e-05 -1.1658652510959655e-05 -1.1658652510959655e-05 
1649077024.0811975 0.808958412912034 -0.5774549381094403 0.8395756425597938 0.044272729777731 -16.266002806318284 -10.535272323540994 9.261758517408452 17.59735167586041 1.892808342432545 0.07735796424822183 -2.1927640949652414 -1.1658652510959655e-05 -1.1658652510959655e-05 -1.1658652510959655e-05 -1.1658652510959655e-05 -1.1658652510959655e-05 
1649077024.0975187 -4.226190521789249 -1.7441692937354674 0.8388771506288322 0.0588479280777392 -16.729079673590604 -10.303722248369013 9.493308592573158 17.771020053005486 1.8892460335846408 0.07714841666893335 -2.1933694546387414 -1.1658652510959655e-05 -1.1658652510959655e-05 -1.1658652510959655e-05 -1.1658652510959655e-05 -1.1658652510959655e-05 
1649077024.1197834 -4.226190521789249 -1.7441692937354674 0.8388771506288322 0.0588479280777392 -16.729079673590604 -10.303722248369013 9.493308592573158 17.771020053005486 1.8892460335846408 0.07714841666893335 -2.1933694546387414 -1.1658652510959655e-05 -1.1658652510959655e-05 -1.1658652510959655e-05 -1.1658652510959655e-05 -1.1658652510959655e-05 
1649077024.138055 -4.226190521789249 -1.7441692937354674 0.8388771506288322 0.0588479280777392 -16.729079673590604 -10.303722248369013 9.493308592573158 17.771020053005486 1.8892460335846408 0.07714841666893335 -2.1933694546387414 -1.1658652510959655e-05 -1.1658652510959655e-05 -1.1658652510959655e-05 -1.1658652510959655e-05 -1.1658652510959655e-05 
1649077024.1465697 -4.226190521789249 -1.7441692937354674 0.8388771506288322 0.0588479280777392 -16.729079673590604 -10.303722248369013 9.493308592573158 17.771020053005486 1.8892460335846408 0.07714841666893335 -2.1933694546387414 -1.1658652510959655e-05 -1.1658652510959655e-05 -1.1658652510959655e-05 -1.1658652510959655e-05 -1.1658652510959655e-05 
1649077024.1835148 -4.226190521789249 -1.7441692937354674 0.8388771506288322 0.0588479280777392 -16.729079673590604 -10.303722248369013 9.493308592573158 17.771020053005486 1.8892460335846408 0.07714841666893335 -2.1933694546387414 -1.1658652510959655e-05 -1.1658652510959655e-05 -1.1658652510959655e-05 -1.1658652510959655e-05 -1.1658652510959655e-05 
1649077024.216899 -4.226190521789249 -1.7441692937354674 0.8388771506288322 0.0588479280777392 -16.729079673590604 -10.303722248369013 9.493308592573158 17.771020053005486 1.8892460335846408 0.07714841666893335 -2.1933694546387414 -1.1658652510959655e-05 -1.1658652510959655e-05 -1.1658652510959655e-05 -1.1658652510959655e-05 -1.1658652510959655e-05 
1649077024.2282836 -2.1744868894311367 -2.252322173626453 0.849214831207064 0.11607770030241227 -14.934607336399495 -9.03023175954877 8.62501327299833 16.67117465825868 1.8355552871507825 0.07391207072214456 -2.204522042469762 -1.1658652510959655e-05 -1.1658652510959655e-05 -1.1658652510959655e-05 -1.1658652510959655e-05 -1.1658652510959655e-05 
1649077024.2448847 -1.1271680879071937 1.6948790122187347 0.8493778126576217 0.10909278098552022 -15.339825788709277 -8.972350061521865 9.088090140263375 15.513447565484967 1.8333433960360708 0.07386550459341379 -2.205616346494935 -1.1658652510959655e-05 -1.1658652510959655e-05 -1.1658652510959655e-05 -1.1658652510959655e-05 -1.1658652510959655e-05 
1649077024.2825916 1.771503577067051 2.049200685811229 0.8523347618320258 0.09798675928323064 -13.892666922743956 -7.814622968748154 7.872504632534401 13.950525303465838 1.823541225930967 0.07328342798427911 -2.2098771472810768 -1.1658652510959655e-05 -1.1658652510959655e-05 -1.1658652510959655e-05 -1.1658652510959655e-05 -1.1658652510959655e-05 
1649077024.3167126 -2.8097420177291497 -3.3233664177460014 0.8523580448963912 0.06734624657110544 -13.545353451525443 -7.698859572694346 7.177854407025734 13.371661757075344 1.8169986848442932 0.07305059734062525 -2.21218217065325 -1.1658652510959655e-05 -1.1658652510959655e-05 -1.1658652510959655e-05 -1.1658652510959655e-05 -1.1658652510959655e-05 
1649077024.3263135 -0.017962901285500266 0.7052323611424072 0.8507282303908141 0.022479781531728804 -12.67705813194334 -6.946350932230416 7.814599651443132 12.329721343419806 1.8132966776101966 0.0733067110486445 -2.2128108133911155 -1.1658652510959655e-05 -1.1658652510959655e-05 -1.1658652510959655e-05 -1.1658652510959655e-05 -1.1658652510959655e-05 
1649077024.3656666 -3.6038342111569364 0.49668595357070444 0.8503789844253333 -0.012398248894896824 -11.92454949147941 -6.367487385839922 7.177854407025734 11.056230854592286 1.8075923268406768 0.07370252314285608 -2.2127642472623847 -1.1658652510959655e-05 -1.1658652510959655e-05 -1.1658652510959655e-05 -1.1658652510959655e-05 -1.1658652510959655e-05 
1649077024.3985367 1.3190670702097123 2.0776991566017387 0.8498434739449294 -0.0014552086431649514 -10.94046749278641 -5.7886238394567044 6.598990860642516 10.36160391215526 1.8031219784825225 0.0740284860439715 -2.21278753032675 -1.1658652510959655e-05 -1.1658652510959655e-05 -1.1658652510959655e-05 -1.1658652510959655e-05 -1.1658652510959655e-05 
1649077024.4318218 -2.2581196566534345 -2.1451036622020183 0.850961061034468 0.03135062905494124 -9.898527079123596 -4.399346671518288 6.598990860642516 9.782740365772042 1.7976271752850153 0.07488995942549082 -2.2133463238715194 -1.1658652510959655e-05 -1.1658652510959655e-05 -1.1658652510959655e-05 -1.1658652510959655e-05 -1.1658652510959655e-05 
1649077024.4735606 -2.0702020441167406 2.2390042265687953 0.8541974069812568 0.08178174648492131 -8.451368213158275 -3.067974484663864 5.3833820698419 7.235736105052638 1.7909449358121492 0.0758212820001063 -2.2172578786849044 -1.1658652510959655e-05 -1.1658652510959655e-05 -1.1658652510959655e-05 -1.1658652510959655e-05 -1.1658652510959655e-05 
1649077024.5455744 -1.9583269198192284 -1.3937126088276273 0.8583185093739303 0.10462243262736592 -5.209760293066211 -2.546992636300274 3.588933015722432 5.7886005221516825 1.7850776035920717 0.07735796424822183 -2.2223103036521934 -1.1658652510959655e-05 -1.1658652510959655e-05 -1.1658652510959655e-05 -1.1658652510959655e-05 -1.1658652510959655e-05 
1649077024.5880833 -0.2559623852794175 -0.14613617064605933 0.8574803190567764 0.029534550034441054 -4.052033200292499 -1.6786973167254473 2.604851017022156 2.7206376961403294 1.7834477890864946 0.07791675779299112 -2.225849329435732 -1.1658652510959655e-05 -1.1658652510959655e-05 -1.1658652510959655e-05 -1.1658652510959655e-05 -1.1658652510959655e-05 
1649077024.6042783 -1.076154893868079 -0.015611311777320225 0.8572940545418533 0.0009429469864699058 -3.415287955882377 -0.3473251298710238 2.4312059229487204 1.9102240745851304 1.7830054108635522 0.07861524973122869 -2.22601231088629 -1.1658652510959655e-05 -1.1658652510959655e-05 -1.1658652510959655e-05 -1.1658652510959655e-05 -1.1658652510959655e-05 
